Experiment	Sweep	
Date	30.09.2022 14:35:03	
User		
X (m)	0.000000E+0	
Y (m)	0.000000E+0	
Comment01	BWD, plasmons, Vtip = -132. xyz default	

[DATA]
BB Back Bias (V)	Bias (V)	Current (A)	BBX (Hz)	BB Back Bias (V)	Tip Current (A)
128.000E+0	-132.000E+0	24.8002E-9	0.00000E+0	128.000E+0	29.8167E-9
127.950E+0	-132.000E+0	24.8116E-9	0.00000E+0	127.950E+0	29.8248E-9
127.900E+0	-132.000E+0	24.7548E-9	0.00000E+0	127.900E+0	29.7573E-9
127.850E+0	-132.000E+0	24.7803E-9	0.00000E+0	127.850E+0	29.7914E-9
127.800E+0	-132.000E+0	24.7294E-9	0.00000E+0	127.800E+0	29.7338E-9
127.750E+0	-132.000E+0	24.7676E-9	0.00000E+0	127.750E+0	29.7732E-9
127.700E+0	-132.000E+0	24.7929E-9	0.00000E+0	127.700E+0	29.8087E-9
127.650E+0	-132.000E+0	24.7897E-9	0.00000E+0	127.650E+0	29.8039E-9
127.600E+0	-132.000E+0	24.6953E-9	0.00000E+0	127.600E+0	29.6923E-9
127.550E+0	-132.000E+0	24.8792E-9	0.00000E+0	127.550E+0	29.9099E-9
127.500E+0	-132.000E+0	24.9243E-9	0.00000E+0	127.500E+0	29.9699E-9
127.450E+0	-132.000E+0	24.9148E-9	0.00000E+0	127.450E+0	29.9506E-9
127.400E+0	-132.000E+0	24.9080E-9	0.00000E+0	127.400E+0	29.9490E-9
127.350E+0	-132.000E+0	24.8734E-9	0.00000E+0	127.350E+0	29.9010E-9
127.300E+0	-132.000E+0	24.8249E-9	0.00000E+0	127.300E+0	29.8515E-9
127.250E+0	-132.000E+0	24.8613E-9	0.00000E+0	127.250E+0	29.8914E-9
127.200E+0	-132.000E+0	24.7623E-9	0.00000E+0	127.200E+0	29.7730E-9
127.150E+0	-132.000E+0	24.7760E-9	0.00000E+0	127.150E+0	29.7892E-9
127.100E+0	-132.000E+0	24.7682E-9	0.00000E+0	127.100E+0	29.7809E-9
127.050E+0	-132.000E+0	24.8260E-9	0.00000E+0	127.050E+0	29.8489E-9
127.000E+0	-132.000E+0	24.8072E-9	0.00000E+0	127.000E+0	29.8254E-9
126.950E+0	-132.000E+0	24.8157E-9	0.00000E+0	126.950E+0	29.8399E-9
126.900E+0	-132.000E+0	24.8071E-9	0.00000E+0	126.900E+0	29.8265E-9
126.850E+0	-132.000E+0	24.8237E-9	0.00000E+0	126.850E+0	29.8437E-9
126.800E+0	-132.000E+0	24.9007E-9	0.00000E+0	126.800E+0	29.9366E-9
126.750E+0	-132.000E+0	24.8556E-9	0.00000E+0	126.750E+0	29.8844E-9
126.700E+0	-132.000E+0	24.9067E-9	0.00000E+0	126.700E+0	29.9469E-9
126.650E+0	-132.000E+0	24.7578E-9	0.00000E+0	126.650E+0	29.7731E-9
126.600E+0	-132.000E+0	24.8376E-9	0.00000E+0	126.600E+0	29.8628E-9
126.550E+0	-132.000E+0	24.8522E-9	0.00000E+0	126.550E+0	29.8772E-9
126.500E+0	-132.000E+0	24.8375E-9	26.6667E+0	126.500E+0	29.8607E-9
126.450E+0	-132.000E+0	24.8087E-9	20.0000E+0	126.450E+0	29.8277E-9
126.400E+0	-132.000E+0	24.8617E-9	16.6667E+0	126.400E+0	29.8895E-9
126.350E+0	-132.000E+0	24.8311E-9	0.00000E+0	126.350E+0	29.8549E-9
126.300E+0	-132.000E+0	24.8444E-9	0.00000E+0	126.300E+0	29.8701E-9
126.250E+0	-132.000E+0	24.8418E-9	16.6667E+0	126.250E+0	29.8676E-9
126.200E+0	-132.000E+0	24.9097E-9	40.0000E+0	126.200E+0	29.9476E-9
126.150E+0	-132.000E+0	24.9070E-9	0.00000E+0	126.150E+0	29.9477E-9
126.100E+0	-132.000E+0	24.7074E-9	0.00000E+0	126.100E+0	29.7058E-9
126.050E+0	-132.000E+0	24.8143E-9	10.0000E+0	126.050E+0	29.8342E-9
126.000E+0	-132.000E+0	24.6565E-9	0.00000E+0	126.000E+0	29.6482E-9
125.950E+0	-132.000E+0	24.6577E-9	76.6667E+0	125.950E+0	29.6509E-9
125.900E+0	-132.000E+0	24.7154E-9	56.6667E+0	125.900E+0	29.7182E-9
125.850E+0	-132.000E+0	24.7413E-9	56.6667E+0	125.850E+0	29.7507E-9
125.800E+0	-132.000E+0	24.7429E-9	76.6667E+0	125.800E+0	29.7556E-9
125.750E+0	-132.000E+0	24.7476E-9	116.667E+0	125.750E+0	29.7586E-9
125.700E+0	-132.000E+0	24.6561E-9	56.6667E+0	125.700E+0	29.6472E-9
125.650E+0	-132.000E+0	24.6565E-9	30.0000E+0	125.650E+0	29.6465E-9
125.600E+0	-132.000E+0	24.7375E-9	86.6667E+0	125.600E+0	29.7463E-9
125.550E+0	-132.000E+0	24.6758E-9	206.667E+0	125.550E+0	29.6694E-9
125.500E+0	-132.000E+0	24.6793E-9	53.3333E+0	125.500E+0	29.6714E-9
125.450E+0	-132.000E+0	24.6713E-9	73.3333E+0	125.450E+0	29.6620E-9
125.400E+0	-132.000E+0	24.7318E-9	190.000E+0	125.400E+0	29.7313E-9
125.350E+0	-132.000E+0	24.6714E-9	163.333E+0	125.350E+0	29.6615E-9
125.300E+0	-132.000E+0	24.6616E-9	270.000E+0	125.300E+0	29.6506E-9
125.250E+0	-132.000E+0	24.6549E-9	336.667E+0	125.250E+0	29.6419E-9
125.200E+0	-132.000E+0	24.6007E-9	116.667E+0	125.200E+0	29.5798E-9
125.150E+0	-132.000E+0	24.6196E-9	483.333E+0	125.150E+0	29.6021E-9
125.100E+0	-132.000E+0	24.6869E-9	746.667E+0	125.100E+0	29.6836E-9
125.050E+0	-132.000E+0	24.6762E-9	690.000E+0	125.050E+0	29.6690E-9
125.000E+0	-132.000E+0	24.6727E-9	1.80667E+3	125.000E+0	29.6650E-9
124.950E+0	-132.000E+0	24.5861E-9	2.33000E+3	124.950E+0	29.5565E-9
124.900E+0	-132.000E+0	24.6831E-9	3.14333E+3	124.900E+0	29.6807E-9
124.850E+0	-132.000E+0	24.6825E-9	4.35333E+3	124.850E+0	29.6823E-9
124.800E+0	-132.000E+0	24.7344E-9	5.47667E+3	124.811E+0	29.7387E-9
124.750E+0	-132.000E+0	24.6889E-9	8.89667E+3	124.750E+0	29.6885E-9
124.700E+0	-132.000E+0	24.6545E-9	11.1067E+3	124.700E+0	29.6435E-9
124.650E+0	-132.000E+0	24.7299E-9	14.0433E+3	124.650E+0	29.7345E-9
124.600E+0	-132.000E+0	24.7608E-9	17.2833E+3	124.600E+0	29.7759E-9
124.550E+0	-132.000E+0	24.7699E-9	21.4767E+3	124.550E+0	29.7825E-9
124.500E+0	-132.000E+0	24.6752E-9	25.7133E+3	124.500E+0	29.6703E-9
124.450E+0	-132.000E+0	24.6750E-9	30.7400E+3	124.450E+0	29.6718E-9
124.400E+0	-132.000E+0	24.7208E-9	38.3900E+3	124.400E+0	29.7241E-9
124.350E+0	-132.000E+0	24.6607E-9	48.1567E+3	124.350E+0	29.6478E-9
124.300E+0	-132.000E+0	24.7209E-9	53.1800E+3	124.300E+0	29.7270E-9
124.250E+0	-132.000E+0	24.6733E-9	64.6733E+3	124.250E+0	29.6665E-9
124.200E+0	-132.000E+0	24.6619E-9	75.7400E+3	124.200E+0	29.6555E-9
124.150E+0	-132.000E+0	24.7717E-9	91.8033E+3	124.150E+0	29.7836E-9
124.100E+0	-132.000E+0	24.7838E-9	101.470E+3	124.100E+0	29.7986E-9
124.050E+0	-132.000E+0	24.7759E-9	118.760E+3	124.050E+0	29.7907E-9
124.000E+0	-132.000E+0	24.6696E-9	133.023E+3	124.000E+0	29.6613E-9
123.950E+0	-132.000E+0	24.7663E-9	148.820E+3	123.950E+0	29.7737E-9
123.900E+0	-132.000E+0	24.7782E-9	165.850E+3	123.900E+0	29.7930E-9
123.850E+0	-132.000E+0	24.7671E-9	185.550E+3	123.850E+0	29.7796E-9
123.800E+0	-132.000E+0	24.7713E-9	195.030E+3	123.800E+0	29.7793E-9
123.750E+0	-132.000E+0	24.7190E-9	209.673E+3	123.750E+0	29.7177E-9
123.700E+0	-132.000E+0	24.6619E-9	222.440E+3	123.700E+0	29.6525E-9
123.650E+0	-132.000E+0	24.6828E-9	235.553E+3	123.650E+0	29.6820E-9
123.600E+0	-132.000E+0	24.6596E-9	256.083E+3	123.600E+0	29.6477E-9
123.550E+0	-132.000E+0	24.6432E-9	263.460E+3	123.550E+0	29.6239E-9
123.500E+0	-132.000E+0	24.6918E-9	277.930E+3	123.500E+0	29.6898E-9
123.450E+0	-132.000E+0	24.6853E-9	288.343E+3	123.450E+0	29.6753E-9
123.400E+0	-132.000E+0	24.5947E-9	293.830E+3	123.400E+0	29.5694E-9
123.350E+0	-132.000E+0	24.6705E-9	303.570E+3	123.350E+0	29.6596E-9
123.300E+0	-132.000E+0	24.8465E-9	307.447E+3	123.300E+0	29.8731E-9
123.250E+0	-132.000E+0	24.6628E-9	319.060E+3	123.250E+0	29.6522E-9
123.200E+0	-132.000E+0	24.7036E-9	319.990E+3	123.200E+0	29.7000E-9
123.150E+0	-132.000E+0	24.7091E-9	326.323E+3	123.150E+0	29.7029E-9
123.100E+0	-132.000E+0	24.7932E-9	324.743E+3	123.100E+0	29.8079E-9
123.050E+0	-132.000E+0	24.7706E-9	330.427E+3	123.050E+0	29.7796E-9
123.000E+0	-132.000E+0	24.7909E-9	326.417E+3	123.000E+0	29.7988E-9
122.950E+0	-132.000E+0	24.7889E-9	322.120E+3	122.950E+0	29.7994E-9
122.900E+0	-132.000E+0	24.8047E-9	320.410E+3	122.900E+0	29.8187E-9
122.850E+0	-132.000E+0	24.7927E-9	320.427E+3	122.850E+0	29.8056E-9
122.800E+0	-132.000E+0	24.7058E-9	317.020E+3	122.800E+0	29.7013E-9
122.750E+0	-132.000E+0	24.7848E-9	314.327E+3	122.750E+0	29.7937E-9
122.700E+0	-132.000E+0	24.6585E-9	312.990E+3	122.700E+0	29.6443E-9
122.650E+0	-132.000E+0	24.6339E-9	307.643E+3	122.650E+0	29.6186E-9
122.600E+0	-132.000E+0	24.6431E-9	296.830E+3	122.600E+0	29.6282E-9
122.550E+0	-132.000E+0	24.6364E-9	291.780E+3	122.550E+0	29.6211E-9
122.500E+0	-132.000E+0	24.7679E-9	280.513E+3	122.500E+0	29.7786E-9
122.450E+0	-132.000E+0	24.6505E-9	279.950E+3	122.450E+0	29.6359E-9
122.400E+0	-132.000E+0	24.6829E-9	270.313E+3	122.400E+0	29.6718E-9
122.350E+0	-132.000E+0	24.6932E-9	257.927E+3	122.350E+0	29.6886E-9
122.300E+0	-132.000E+0	24.7829E-9	251.360E+3	122.300E+0	29.7940E-9
122.250E+0	-132.000E+0	24.7594E-9	236.953E+3	122.250E+0	29.7622E-9
122.200E+0	-132.000E+0	24.6848E-9	233.987E+3	122.200E+0	29.6747E-9
122.150E+0	-132.000E+0	24.5803E-9	224.957E+3	122.150E+0	29.5464E-9
122.100E+0	-132.000E+0	24.5827E-9	215.777E+3	122.100E+0	29.5528E-9
122.050E+0	-132.000E+0	24.5953E-9	211.840E+3	122.050E+0	29.5679E-9
122.000E+0	-132.000E+0	24.5903E-9	196.603E+3	122.000E+0	29.5681E-9
121.950E+0	-132.000E+0	24.5651E-9	189.137E+3	121.950E+0	29.5347E-9
121.900E+0	-132.000E+0	24.6021E-9	182.153E+3	121.900E+0	29.5814E-9
121.850E+0	-132.000E+0	24.5768E-9	177.443E+3	121.850E+0	29.5499E-9
121.800E+0	-132.000E+0	24.5689E-9	169.247E+3	121.800E+0	29.5433E-9
121.750E+0	-132.000E+0	24.6706E-9	161.913E+3	121.750E+0	29.6592E-9
121.700E+0	-132.000E+0	24.7050E-9	152.020E+3	121.700E+0	29.7057E-9
121.650E+0	-132.000E+0	24.6010E-9	147.397E+3	121.650E+0	29.5776E-9
121.600E+0	-132.000E+0	24.6829E-9	135.557E+3	121.600E+0	29.6736E-9
121.550E+0	-132.000E+0	24.5781E-9	127.750E+3	121.550E+0	29.5501E-9
121.500E+0	-132.000E+0	24.7270E-9	123.133E+3	121.500E+0	29.7254E-9
121.450E+0	-132.000E+0	24.6948E-9	110.227E+3	121.450E+0	29.6889E-9
121.400E+0	-132.000E+0	24.5772E-9	102.233E+3	121.400E+0	29.5501E-9
121.350E+0	-132.000E+0	24.5994E-9	96.0767E+3	121.350E+0	29.5720E-9
121.300E+0	-132.000E+0	24.6631E-9	90.0167E+3	121.300E+0	29.6492E-9
121.250E+0	-132.000E+0	24.7711E-9	84.3700E+3	121.250E+0	29.7779E-9
121.200E+0	-132.000E+0	24.7891E-9	79.3067E+3	121.200E+0	29.7989E-9
121.150E+0	-132.000E+0	24.7918E-9	69.3200E+3	121.150E+0	29.8028E-9
121.100E+0	-132.000E+0	24.7250E-9	65.3667E+3	121.100E+0	29.7261E-9
121.050E+0	-132.000E+0	24.6477E-9	62.0733E+3	121.050E+0	29.6293E-9
121.000E+0	-132.000E+0	24.5617E-9	57.7000E+3	121.000E+0	29.5315E-9
120.950E+0	-132.000E+0	24.7639E-9	55.5167E+3	120.950E+0	29.7724E-9
120.900E+0	-132.000E+0	24.5786E-9	50.5167E+3	120.900E+0	29.5443E-9
120.850E+0	-132.000E+0	24.5933E-9	44.4433E+3	120.850E+0	29.5667E-9
120.800E+0	-132.000E+0	24.5546E-9	43.2133E+3	120.800E+0	29.5202E-9
120.750E+0	-132.000E+0	24.6893E-9	40.4767E+3	120.750E+0	29.6762E-9
120.700E+0	-132.000E+0	24.6287E-9	39.1967E+3	120.700E+0	29.6059E-9
120.650E+0	-132.000E+0	24.7602E-9	38.2433E+3	120.650E+0	29.7709E-9
120.600E+0	-132.000E+0	24.7595E-9	36.8733E+3	120.600E+0	29.7698E-9
120.550E+0	-132.000E+0	24.7892E-9	34.8100E+3	120.550E+0	29.7957E-9
120.500E+0	-132.000E+0	24.7184E-9	32.6500E+3	120.500E+0	29.7185E-9
120.450E+0	-132.000E+0	24.7589E-9	31.2400E+3	120.450E+0	29.7634E-9
120.400E+0	-132.000E+0	24.7952E-9	28.9667E+3	120.400E+0	29.8098E-9
120.350E+0	-132.000E+0	24.7066E-9	29.1867E+3	120.350E+0	29.7035E-9
120.300E+0	-132.000E+0	24.6782E-9	27.6100E+3	120.300E+0	29.6671E-9
120.250E+0	-132.000E+0	24.6432E-9	26.3100E+3	120.250E+0	29.6296E-9
120.200E+0	-132.000E+0	24.6448E-9	28.4400E+3	120.200E+0	29.6292E-9
120.150E+0	-132.000E+0	24.7550E-9	27.4467E+3	120.150E+0	29.7621E-9
120.100E+0	-132.000E+0	24.7386E-9	26.7567E+3	120.100E+0	29.7471E-9
120.050E+0	-132.000E+0	24.6716E-9	26.7700E+3	120.050E+0	29.6656E-9
120.000E+0	-132.000E+0	24.7019E-9	25.9400E+3	120.000E+0	29.6981E-9
119.950E+0	-132.000E+0	24.7053E-9	25.1367E+3	119.950E+0	29.6965E-9
119.900E+0	-132.000E+0	24.7986E-9	26.6500E+3	119.900E+0	29.8106E-9
119.850E+0	-132.000E+0	24.7951E-9	24.4933E+3	119.850E+0	29.8146E-9
119.800E+0	-132.000E+0	24.7309E-9	24.1000E+3	119.800E+0	29.7351E-9
119.750E+0	-132.000E+0	24.8025E-9	25.4567E+3	119.750E+0	29.8189E-9
119.700E+0	-132.000E+0	24.7333E-9	24.1467E+3	119.700E+0	29.7319E-9
119.650E+0	-132.000E+0	24.7397E-9	25.2400E+3	119.650E+0	29.7385E-9
119.600E+0	-132.000E+0	24.6938E-9	23.7800E+3	119.600E+0	29.6922E-9
119.550E+0	-132.000E+0	24.6835E-9	24.0233E+3	119.550E+0	29.6756E-9
119.500E+0	-132.000E+0	24.5814E-9	23.3767E+3	119.500E+0	29.5518E-9
119.450E+0	-132.000E+0	24.6026E-9	24.7767E+3	119.450E+0	29.5810E-9
119.400E+0	-132.000E+0	24.6303E-9	23.6867E+3	119.400E+0	29.6147E-9
119.350E+0	-132.000E+0	24.6728E-9	23.1900E+3	119.350E+0	29.6659E-9
119.300E+0	-132.000E+0	24.5588E-9	22.8667E+3	119.300E+0	29.5247E-9
119.250E+0	-132.000E+0	24.5881E-9	22.9000E+3	119.250E+0	29.5676E-9
119.200E+0	-132.000E+0	24.6407E-9	21.9433E+3	119.200E+0	29.6279E-9
119.150E+0	-132.000E+0	24.5652E-9	23.1000E+3	119.150E+0	29.5352E-9
119.100E+0	-132.000E+0	24.5531E-9	22.8867E+3	119.100E+0	29.5239E-9
119.050E+0	-132.000E+0	24.5916E-9	22.0767E+3	119.050E+0	29.5688E-9
119.000E+0	-132.000E+0	24.6245E-9	23.3100E+3	119.000E+0	29.6088E-9
118.950E+0	-132.000E+0	24.7469E-9	21.7633E+3	118.950E+0	29.7540E-9
118.900E+0	-132.000E+0	24.7735E-9	21.4667E+3	118.900E+0	29.7841E-9
118.850E+0	-132.000E+0	24.7677E-9	21.9167E+3	118.850E+0	29.7804E-9
118.800E+0	-132.000E+0	24.6564E-9	23.9533E+3	118.800E+0	29.6512E-9
118.750E+0	-132.000E+0	24.7610E-9	23.2600E+3	118.750E+0	29.7721E-9
118.700E+0	-132.000E+0	24.7720E-9	23.2533E+3	118.700E+0	29.7821E-9
118.650E+0	-132.000E+0	24.6492E-9	24.9733E+3	118.650E+0	29.6374E-9
118.600E+0	-132.000E+0	24.5933E-9	23.6067E+3	118.600E+0	29.5692E-9
118.550E+0	-132.000E+0	24.6237E-9	23.6433E+3	118.550E+0	29.6066E-9
118.500E+0	-132.000E+0	24.7726E-9	23.2833E+3	118.500E+0	29.7877E-9
118.450E+0	-132.000E+0	24.5997E-9	22.9900E+3	118.450E+0	29.5745E-9
118.400E+0	-132.000E+0	24.7354E-9	22.6767E+3	118.400E+0	29.7419E-9
118.350E+0	-132.000E+0	24.5962E-9	25.1233E+3	118.350E+0	29.5745E-9
118.300E+0	-132.000E+0	24.7728E-9	23.2733E+3	118.300E+0	29.7881E-9
118.250E+0	-132.000E+0	24.7441E-9	23.4033E+3	118.250E+0	29.7478E-9
118.200E+0	-132.000E+0	24.7646E-9	23.7967E+3	118.200E+0	29.7721E-9
118.150E+0	-132.000E+0	24.7800E-9	24.8300E+3	118.150E+0	29.7917E-9
118.100E+0	-132.000E+0	24.7948E-9	23.2400E+3	118.100E+0	29.8105E-9
118.050E+0	-132.000E+0	24.7618E-9	23.3667E+3	118.050E+0	29.7736E-9
118.000E+0	-132.000E+0	24.7585E-9	24.6000E+3	118.000E+0	29.7697E-9
117.950E+0	-132.000E+0	24.7966E-9	24.9000E+3	117.950E+0	29.8163E-9
117.900E+0	-132.000E+0	24.7861E-9	26.4133E+3	117.900E+0	29.7998E-9
117.850E+0	-132.000E+0	24.6751E-9	25.0700E+3	117.850E+0	29.6686E-9
117.800E+0	-132.000E+0	24.7811E-9	26.3300E+3	117.800E+0	29.7948E-9
117.750E+0	-132.000E+0	24.7508E-9	26.7333E+3	117.750E+0	29.7616E-9
117.700E+0	-132.000E+0	24.7478E-9	26.9300E+3	117.700E+0	29.7554E-9
117.650E+0	-132.000E+0	24.6852E-9	28.4233E+3	117.650E+0	29.6806E-9
117.600E+0	-132.000E+0	24.7543E-9	25.3200E+3	117.600E+0	29.7637E-9
117.550E+0	-132.000E+0	24.7226E-9	28.0667E+3	117.550E+0	29.7257E-9
117.500E+0	-132.000E+0	24.7673E-9	29.0733E+3	117.500E+0	29.7805E-9
117.450E+0	-132.000E+0	24.7290E-9	27.5567E+3	117.450E+0	29.7400E-9
117.400E+0	-132.000E+0	24.7693E-9	28.1733E+3	117.400E+0	29.7840E-9
117.350E+0	-132.000E+0	24.7174E-9	28.4800E+3	117.350E+0	29.7172E-9
117.300E+0	-132.000E+0	24.7938E-9	28.0067E+3	117.300E+0	29.8139E-9
117.250E+0	-132.000E+0	24.7908E-9	28.4533E+3	117.250E+0	29.8051E-9
117.200E+0	-132.000E+0	24.8117E-9	27.6667E+3	117.200E+0	29.8385E-9
117.150E+0	-132.000E+0	24.7401E-9	30.0400E+3	117.150E+0	29.7449E-9
117.100E+0	-132.000E+0	24.7095E-9	30.8200E+3	117.100E+0	29.7117E-9
117.050E+0	-132.000E+0	24.8075E-9	31.5233E+3	117.050E+0	29.8261E-9
117.000E+0	-132.000E+0	24.7970E-9	29.3700E+3	117.000E+0	29.8112E-9
116.950E+0	-132.000E+0	24.7976E-9	30.8700E+3	116.950E+0	29.8159E-9
116.900E+0	-132.000E+0	24.8130E-9	31.4267E+3	116.900E+0	29.8359E-9
116.850E+0	-132.000E+0	24.7779E-9	31.0100E+3	116.850E+0	29.7919E-9
116.800E+0	-132.000E+0	24.8092E-9	31.7500E+3	116.800E+0	29.8301E-9
116.750E+0	-132.000E+0	24.7162E-9	32.0900E+3	116.750E+0	29.7202E-9
116.700E+0	-132.000E+0	24.7201E-9	32.9967E+3	116.700E+0	29.7231E-9
116.650E+0	-132.000E+0	24.6267E-9	32.1600E+3	116.650E+0	29.6150E-9
116.600E+0	-132.000E+0	24.6439E-9	31.5100E+3	116.600E+0	29.6301E-9
116.550E+0	-132.000E+0	24.7177E-9	32.4333E+3	116.550E+0	29.7210E-9
116.500E+0	-132.000E+0	24.7880E-9	33.3133E+3	116.500E+0	29.8086E-9
116.450E+0	-132.000E+0	24.7595E-9	31.2667E+3	116.450E+0	29.7721E-9
116.400E+0	-132.000E+0	24.6095E-9	29.1900E+3	116.400E+0	29.5897E-9
116.350E+0	-132.000E+0	24.7972E-9	33.3867E+3	116.350E+0	29.8174E-9
116.300E+0	-132.000E+0	24.7090E-9	31.9967E+3	116.300E+0	29.7050E-9
116.250E+0	-132.000E+0	24.7178E-9	32.5367E+3	116.250E+0	29.7216E-9
116.200E+0	-132.000E+0	24.6550E-9	32.3000E+3	116.200E+0	29.6414E-9
116.150E+0	-132.000E+0	24.6988E-9	32.3467E+3	116.150E+0	29.6987E-9
116.100E+0	-132.000E+0	24.8030E-9	31.3533E+3	116.100E+0	29.8233E-9
116.050E+0	-132.000E+0	24.6287E-9	31.1267E+3	116.050E+0	29.6122E-9
116.000E+0	-132.000E+0	24.6835E-9	32.7867E+3	116.000E+0	29.6776E-9
115.950E+0	-132.000E+0	24.6948E-9	30.9233E+3	115.950E+0	29.6901E-9
115.900E+0	-132.000E+0	24.6008E-9	32.2500E+3	115.900E+0	29.5808E-9
115.850E+0	-132.000E+0	24.8055E-9	30.9500E+3	115.850E+0	29.8242E-9
115.800E+0	-132.000E+0	24.6894E-9	31.2000E+3	115.800E+0	29.6863E-9
115.750E+0	-132.000E+0	24.7816E-9	29.7733E+3	115.750E+0	29.7972E-9
115.700E+0	-132.000E+0	24.7971E-9	30.4367E+3	115.700E+0	29.8147E-9
115.650E+0	-132.000E+0	24.6165E-9	31.5233E+3	115.650E+0	29.6004E-9
115.600E+0	-132.000E+0	24.7846E-9	32.1633E+3	115.600E+0	29.8044E-9
115.550E+0	-132.000E+0	24.6487E-9	29.0200E+3	115.550E+0	29.6382E-9
115.500E+0	-132.000E+0	24.7582E-9	29.4333E+3	115.500E+0	29.7680E-9
115.450E+0	-132.000E+0	24.7872E-9	28.6567E+3	115.450E+0	29.8005E-9
115.400E+0	-132.000E+0	24.7512E-9	28.7833E+3	115.400E+0	29.7609E-9
115.350E+0	-132.000E+0	24.6700E-9	31.1167E+3	115.350E+0	29.6619E-9
115.300E+0	-132.000E+0	24.6287E-9	28.6100E+3	115.300E+0	29.6118E-9
115.250E+0	-132.000E+0	24.8025E-9	29.4667E+3	115.250E+0	29.8195E-9
115.200E+0	-132.000E+0	24.7010E-9	27.9400E+3	115.200E+0	29.7016E-9
115.150E+0	-132.000E+0	24.7999E-9	28.0400E+3	115.150E+0	29.8173E-9
115.100E+0	-132.000E+0	24.7516E-9	26.2133E+3	115.100E+0	29.7639E-9
115.050E+0	-132.000E+0	24.7864E-9	27.2567E+3	115.050E+0	29.8012E-9
115.000E+0	-132.000E+0	24.7382E-9	26.5200E+3	115.000E+0	29.7483E-9
114.950E+0	-132.000E+0	24.7925E-9	25.1967E+3	114.950E+0	29.8108E-9
114.900E+0	-132.000E+0	24.6539E-9	26.5133E+3	114.900E+0	29.6441E-9
114.850E+0	-132.000E+0	24.7853E-9	24.8700E+3	114.850E+0	29.7999E-9
114.800E+0	-132.000E+0	24.6620E-9	23.9567E+3	114.800E+0	29.6471E-9
114.750E+0	-132.000E+0	24.7022E-9	22.7967E+3	114.750E+0	29.6988E-9
114.700E+0	-132.000E+0	24.7497E-9	22.7700E+3	114.700E+0	29.7580E-9
114.650E+0	-132.000E+0	24.7990E-9	23.5367E+3	114.650E+0	29.8169E-9
114.600E+0	-132.000E+0	24.7419E-9	22.3767E+3	114.600E+0	29.7504E-9
114.550E+0	-132.000E+0	24.7565E-9	24.9133E+3	114.550E+0	29.7675E-9
114.500E+0	-132.000E+0	24.6802E-9	22.4100E+3	114.500E+0	29.6731E-9
114.450E+0	-132.000E+0	24.8023E-9	21.8767E+3	114.450E+0	29.8206E-9
114.400E+0	-132.000E+0	24.7187E-9	20.9533E+3	114.400E+0	29.7228E-9
114.350E+0	-132.000E+0	24.7271E-9	22.6333E+3	114.350E+0	29.7275E-9
114.300E+0	-132.000E+0	24.7958E-9	22.3433E+3	114.300E+0	29.8149E-9
114.250E+0	-132.000E+0	24.6476E-9	19.8567E+3	114.250E+0	29.6376E-9
114.200E+0	-132.000E+0	24.5897E-9	20.9267E+3	114.200E+0	29.5659E-9
114.150E+0	-132.000E+0	24.6231E-9	19.1900E+3	114.150E+0	29.6069E-9
114.100E+0	-132.000E+0	24.7930E-9	19.5200E+3	114.100E+0	29.8146E-9
114.050E+0	-132.000E+0	24.7968E-9	19.9433E+3	114.050E+0	29.8153E-9
114.000E+0	-132.000E+0	24.7271E-9	19.4467E+3	114.000E+0	29.7314E-9
113.950E+0	-132.000E+0	24.7035E-9	18.5667E+3	113.950E+0	29.6998E-9
113.900E+0	-132.000E+0	24.6820E-9	18.5767E+3	113.900E+0	29.6781E-9
113.850E+0	-132.000E+0	24.7823E-9	17.5100E+3	113.850E+0	29.7974E-9
113.800E+0	-132.000E+0	24.6009E-9	16.3400E+3	113.800E+0	29.5718E-9
113.750E+0	-132.000E+0	24.6830E-9	16.9767E+3	113.750E+0	29.6780E-9
113.700E+0	-132.000E+0	24.7955E-9	16.4000E+3	113.700E+0	29.8120E-9
113.650E+0	-132.000E+0	24.8230E-9	15.8433E+3	113.650E+0	29.8443E-9
113.600E+0	-132.000E+0	24.7550E-9	16.5333E+3	113.600E+0	29.7665E-9
113.550E+0	-132.000E+0	24.7307E-9	15.0733E+3	113.550E+0	29.7344E-9
113.500E+0	-132.000E+0	24.8125E-9	16.9733E+3	113.500E+0	29.8353E-9
113.450E+0	-132.000E+0	24.7398E-9	14.6767E+3	113.450E+0	29.7469E-9
113.400E+0	-132.000E+0	24.7089E-9	13.9167E+3	113.400E+0	29.7102E-9
113.350E+0	-132.000E+0	24.6304E-9	15.8133E+3	113.350E+0	29.6183E-9
113.300E+0	-132.000E+0	24.7346E-9	14.6500E+3	113.300E+0	29.7409E-9
113.250E+0	-132.000E+0	24.8134E-9	15.1267E+3	113.250E+0	29.8390E-9
113.200E+0	-132.000E+0	24.7843E-9	14.1733E+3	113.200E+0	29.8001E-9
113.150E+0	-132.000E+0	24.6491E-9	14.5467E+3	113.150E+0	29.6370E-9
113.100E+0	-132.000E+0	24.6299E-9	13.3400E+3	113.100E+0	29.6133E-9
113.050E+0	-132.000E+0	24.6621E-9	13.8333E+3	113.050E+0	29.6501E-9
113.000E+0	-132.000E+0	24.8193E-9	13.6800E+3	113.000E+0	29.8429E-9
112.950E+0	-132.000E+0	24.7832E-9	13.3900E+3	112.950E+0	29.7997E-9
112.900E+0	-132.000E+0	24.7189E-9	11.3000E+3	112.900E+0	29.7215E-9
112.850E+0	-132.000E+0	24.7644E-9	12.6767E+3	112.850E+0	29.7778E-9
112.800E+0	-132.000E+0	24.7218E-9	11.9100E+3	112.800E+0	29.7232E-9
112.750E+0	-132.000E+0	24.7730E-9	11.1100E+3	112.750E+0	29.7841E-9
112.700E+0	-132.000E+0	24.8384E-9	11.4933E+3	112.700E+0	29.8612E-9
112.650E+0	-132.000E+0	24.8105E-9	11.3133E+3	112.650E+0	29.8318E-9
112.600E+0	-132.000E+0	24.8101E-9	11.2067E+3	112.600E+0	29.8325E-9
112.550E+0	-132.000E+0	24.8230E-9	10.8733E+3	112.550E+0	29.8470E-9
112.500E+0	-132.000E+0	24.8015E-9	10.1300E+3	112.500E+0	29.8206E-9
112.450E+0	-132.000E+0	24.6454E-9	10.2967E+3	112.450E+0	29.6273E-9
112.400E+0	-132.000E+0	24.7203E-9	10.6500E+3	112.400E+0	29.7247E-9
112.350E+0	-132.000E+0	24.6877E-9	10.2133E+3	112.350E+0	29.6847E-9
112.300E+0	-132.000E+0	24.6976E-9	11.1367E+3	112.300E+0	29.6955E-9
112.250E+0	-132.000E+0	24.8292E-9	10.8100E+3	112.250E+0	29.8511E-9
112.200E+0	-132.000E+0	24.7546E-9	10.2667E+3	112.200E+0	29.7644E-9
112.150E+0	-132.000E+0	24.7821E-9	8.96000E+3	112.150E+0	29.7965E-9
112.100E+0	-132.000E+0	24.8123E-9	9.35333E+3	112.100E+0	29.8357E-9
112.050E+0	-132.000E+0	24.8252E-9	10.5733E+3	112.050E+0	29.8514E-9
112.000E+0	-132.000E+0	24.7711E-9	8.11667E+3	112.000E+0	29.7847E-9
111.950E+0	-132.000E+0	24.8182E-9	10.8567E+3	111.950E+0	29.8436E-9
111.900E+0	-132.000E+0	24.8082E-9	8.73667E+3	111.900E+0	29.8306E-9
111.850E+0	-132.000E+0	24.7737E-9	9.30667E+3	111.850E+0	29.7899E-9
111.800E+0	-132.000E+0	24.6308E-9	8.65000E+3	111.800E+0	29.6142E-9
111.750E+0	-132.000E+0	24.6251E-9	9.18000E+3	111.750E+0	29.6070E-9
111.700E+0	-132.000E+0	24.7993E-9	9.42333E+3	111.700E+0	29.8162E-9
111.650E+0	-132.000E+0	24.6831E-9	8.87667E+3	111.650E+0	29.6780E-9
111.600E+0	-132.000E+0	24.6883E-9	9.43667E+3	111.600E+0	29.6827E-9
111.550E+0	-132.000E+0	24.6865E-9	9.32333E+3	111.550E+0	29.6774E-9
111.500E+0	-132.000E+0	24.8142E-9	9.09333E+3	111.500E+0	29.8357E-9
111.450E+0	-132.000E+0	24.7661E-9	8.14000E+3	111.450E+0	29.7755E-9
111.400E+0	-132.000E+0	24.6241E-9	8.47333E+3	111.400E+0	29.6118E-9
111.350E+0	-132.000E+0	24.7998E-9	8.57333E+3	111.350E+0	29.8185E-9
111.300E+0	-132.000E+0	24.6249E-9	8.50333E+3	111.300E+0	29.6102E-9
111.250E+0	-132.000E+0	24.6312E-9	8.10667E+3	111.250E+0	29.6178E-9
111.200E+0	-132.000E+0	24.7394E-9	8.17333E+3	111.200E+0	29.7476E-9
111.150E+0	-132.000E+0	24.6726E-9	8.67333E+3	111.150E+0	29.6654E-9
111.100E+0	-132.000E+0	24.6709E-9	7.62667E+3	111.100E+0	29.6637E-9
111.050E+0	-132.000E+0	24.7102E-9	8.83333E+3	111.050E+0	29.7132E-9
111.000E+0	-132.000E+0	24.7429E-9	7.68000E+3	111.000E+0	29.7559E-9
110.950E+0	-132.000E+0	24.7266E-9	8.50333E+3	110.950E+0	29.7320E-9
110.900E+0	-132.000E+0	24.6539E-9	8.39000E+3	110.900E+0	29.6425E-9
110.850E+0	-132.000E+0	24.6300E-9	7.99333E+3	110.850E+0	29.6144E-9
110.800E+0	-132.000E+0	24.8049E-9	8.06667E+3	110.800E+0	29.8285E-9
110.750E+0	-132.000E+0	24.8125E-9	7.94333E+3	110.750E+0	29.8341E-9
110.700E+0	-132.000E+0	24.5974E-9	7.64333E+3	110.700E+0	29.5823E-9
110.650E+0	-132.000E+0	24.8124E-9	6.76667E+3	110.650E+0	29.8319E-9
110.600E+0	-132.000E+0	24.8278E-9	7.29333E+3	110.600E+0	29.8554E-9
110.550E+0	-132.000E+0	24.8072E-9	7.71667E+3	110.550E+0	29.8308E-9
110.500E+0	-132.000E+0	24.8165E-9	7.94333E+3	110.500E+0	29.8430E-9
110.450E+0	-132.000E+0	24.6492E-9	7.92667E+3	110.450E+0	29.6368E-9
110.400E+0	-132.000E+0	24.7006E-9	7.97667E+3	110.400E+0	29.7046E-9
110.350E+0	-132.000E+0	24.7434E-9	7.31667E+3	110.350E+0	29.7566E-9
110.300E+0	-132.000E+0	24.6867E-9	6.57333E+3	110.300E+0	29.6826E-9
110.250E+0	-132.000E+0	24.6894E-9	7.63000E+3	110.250E+0	29.6827E-9
110.200E+0	-132.000E+0	24.6346E-9	8.05000E+3	110.200E+0	29.6226E-9
110.150E+0	-132.000E+0	24.8195E-9	7.67000E+3	110.150E+0	29.8425E-9
110.100E+0	-132.000E+0	24.8080E-9	7.64667E+3	110.100E+0	29.8291E-9
110.050E+0	-132.000E+0	24.7413E-9	7.59667E+3	110.050E+0	29.7480E-9
110.000E+0	-132.000E+0	24.7343E-9	6.89333E+3	110.000E+0	29.7375E-9
109.950E+0	-132.000E+0	24.7265E-9	7.64000E+3	109.950E+0	29.7320E-9
109.900E+0	-132.000E+0	24.7039E-9	7.54333E+3	109.900E+0	29.7042E-9
109.850E+0	-132.000E+0	24.6139E-9	7.50667E+3	109.850E+0	29.5973E-9
109.800E+0	-132.000E+0	24.6172E-9	7.28333E+3	109.800E+0	29.6002E-9
109.750E+0	-132.000E+0	24.7330E-9	7.61000E+3	109.750E+0	29.7375E-9
109.700E+0	-132.000E+0	24.6776E-9	7.15667E+3	109.700E+0	29.6709E-9
109.650E+0	-132.000E+0	24.8334E-9	7.14667E+3	109.650E+0	29.8580E-9
109.600E+0	-132.000E+0	24.6570E-9	6.92000E+3	109.600E+0	29.6473E-9
109.550E+0	-132.000E+0	24.8211E-9	7.27333E+3	109.550E+0	29.8488E-9
109.500E+0	-132.000E+0	24.6878E-9	6.68667E+3	109.500E+0	29.6842E-9
109.450E+0	-132.000E+0	24.7896E-9	7.10667E+3	109.450E+0	29.8088E-9
109.400E+0	-132.000E+0	24.6243E-9	7.36667E+3	109.400E+0	29.6084E-9
109.350E+0	-132.000E+0	24.7755E-9	6.50333E+3	109.350E+0	29.7907E-9
109.300E+0	-132.000E+0	24.7434E-9	6.69333E+3	109.300E+0	29.7551E-9
109.250E+0	-132.000E+0	24.8065E-9	7.59000E+3	109.250E+0	29.8284E-9
109.200E+0	-132.000E+0	24.6721E-9	7.28333E+3	109.200E+0	29.6675E-9
109.150E+0	-132.000E+0	24.7985E-9	7.05667E+3	109.150E+0	29.8192E-9
109.100E+0	-132.000E+0	24.7897E-9	6.90667E+3	109.100E+0	29.8072E-9
109.050E+0	-132.000E+0	24.7303E-9	6.25667E+3	109.050E+0	29.7372E-9
109.000E+0	-132.000E+0	24.7360E-9	6.46667E+3	109.000E+0	29.7418E-9
108.950E+0	-132.000E+0	24.7042E-9	6.77667E+3	108.950E+0	29.7050E-9
108.900E+0	-132.000E+0	24.6794E-9	6.75333E+3	108.900E+0	29.6769E-9
108.850E+0	-132.000E+0	24.7325E-9	6.54333E+3	108.850E+0	29.7388E-9
108.800E+0	-132.000E+0	24.7071E-9	7.19000E+3	108.800E+0	29.7062E-9
108.750E+0	-132.000E+0	24.8084E-9	7.00333E+3	108.750E+0	29.8322E-9
108.700E+0	-132.000E+0	24.6715E-9	6.58000E+3	108.700E+0	29.6679E-9
108.650E+0	-132.000E+0	24.6972E-9	7.44000E+3	108.650E+0	29.6905E-9
108.600E+0	-132.000E+0	24.6308E-9	6.22000E+3	108.600E+0	29.6190E-9
108.550E+0	-132.000E+0	24.6784E-9	5.92000E+3	108.550E+0	29.6729E-9
108.500E+0	-132.000E+0	24.7728E-9	6.56000E+3	108.500E+0	29.7857E-9
108.450E+0	-132.000E+0	24.8506E-9	6.93000E+3	108.450E+0	29.8787E-9
108.400E+0	-132.000E+0	24.7370E-9	6.75333E+3	108.400E+0	29.7435E-9
108.350E+0	-132.000E+0	24.8073E-9	6.77667E+3	108.350E+0	29.8314E-9
108.300E+0	-132.000E+0	24.8406E-9	5.74000E+3	108.300E+0	29.8663E-9
108.250E+0	-132.000E+0	24.7068E-9	6.68333E+3	108.250E+0	29.7011E-9
108.200E+0	-132.000E+0	24.7102E-9	6.50333E+3	108.200E+0	29.7115E-9
108.150E+0	-132.000E+0	24.7583E-9	7.12000E+3	108.150E+0	29.7673E-9
108.100E+0	-132.000E+0	24.6495E-9	6.63667E+3	108.100E+0	29.6373E-9
108.050E+0	-132.000E+0	24.6178E-9	6.72667E+3	108.050E+0	29.6014E-9
108.000E+0	-132.000E+0	24.7990E-9	6.64667E+3	108.000E+0	29.8169E-9
107.950E+0	-132.000E+0	24.7551E-9	6.12667E+3	107.950E+0	29.7637E-9
107.900E+0	-132.000E+0	24.6724E-9	6.68667E+3	107.900E+0	29.6658E-9
107.850E+0	-132.000E+0	24.6091E-9	6.94333E+3	107.850E+0	29.5918E-9
107.800E+0	-132.000E+0	24.6754E-9	6.34000E+3	107.800E+0	29.6682E-9
107.750E+0	-132.000E+0	24.6854E-9	6.54667E+3	107.750E+0	29.6798E-9
107.700E+0	-132.000E+0	24.6084E-9	5.83000E+3	107.700E+0	29.5890E-9
107.650E+0	-132.000E+0	24.7214E-9	7.17000E+3	107.650E+0	29.7260E-9
107.600E+0	-132.000E+0	24.7984E-9	6.19667E+3	107.600E+0	29.8143E-9
107.550E+0	-132.000E+0	24.5969E-9	6.77000E+3	107.550E+0	29.5746E-9
107.500E+0	-132.000E+0	24.8062E-9	7.00333E+3	107.500E+0	29.8277E-9
107.450E+0	-132.000E+0	24.7186E-9	7.43000E+3	107.450E+0	29.7208E-9
107.400E+0	-132.000E+0	24.8320E-9	7.57333E+3	107.400E+0	29.8568E-9
107.350E+0	-132.000E+0	24.6080E-9	7.17000E+3	107.350E+0	29.5929E-9
107.300E+0	-132.000E+0	24.8114E-9	6.94333E+3	107.300E+0	29.8379E-9
107.250E+0	-132.000E+0	24.6304E-9	6.87667E+3	107.250E+0	29.6151E-9
107.200E+0	-132.000E+0	24.6198E-9	6.54000E+3	107.200E+0	29.5975E-9
107.150E+0	-132.000E+0	24.6239E-9	7.88000E+3	107.150E+0	29.6056E-9
107.100E+0	-132.000E+0	24.7082E-9	7.11333E+3	107.100E+0	29.7080E-9
107.050E+0	-132.000E+0	24.7716E-9	6.42667E+3	107.050E+0	29.7823E-9
107.000E+0	-132.000E+0	24.8326E-9	7.21667E+3	107.000E+0	29.8633E-9
106.950E+0	-132.000E+0	24.8407E-9	6.64333E+3	106.950E+0	29.8636E-9
106.900E+0	-132.000E+0	24.8353E-9	6.90333E+3	106.900E+0	29.8605E-9
106.850E+0	-132.000E+0	24.8461E-9	6.27667E+3	106.850E+0	29.8732E-9
106.800E+0	-132.000E+0	24.8249E-9	6.52000E+3	106.800E+0	29.8496E-9
106.750E+0	-132.000E+0	24.7154E-9	8.03000E+3	106.750E+0	29.7188E-9
106.700E+0	-132.000E+0	24.6383E-9	7.73667E+3	106.700E+0	29.6245E-9
106.650E+0	-132.000E+0	24.7929E-9	7.26667E+3	106.650E+0	29.8115E-9
106.600E+0	-132.000E+0	24.6821E-9	7.63333E+3	106.600E+0	29.6771E-9
106.550E+0	-132.000E+0	24.7880E-9	7.57333E+3	106.550E+0	29.8005E-9
106.500E+0	-132.000E+0	24.6394E-9	7.21667E+3	106.500E+0	29.6238E-9
106.450E+0	-132.000E+0	24.8228E-9	7.49000E+3	106.450E+0	29.8454E-9
106.400E+0	-132.000E+0	24.6387E-9	6.70000E+3	106.400E+0	29.6211E-9
106.350E+0	-132.000E+0	24.6875E-9	6.80000E+3	106.350E+0	29.6829E-9
106.300E+0	-132.000E+0	24.7429E-9	7.75333E+3	106.300E+0	29.7498E-9
106.250E+0	-132.000E+0	24.7558E-9	6.98667E+3	106.250E+0	29.7654E-9
106.200E+0	-132.000E+0	24.7605E-9	7.91000E+3	106.200E+0	29.7702E-9
106.150E+0	-132.000E+0	24.7542E-9	8.69000E+3	106.150E+0	29.7625E-9
106.100E+0	-132.000E+0	24.7692E-9	8.21333E+3	106.100E+0	29.7794E-9
106.050E+0	-132.000E+0	24.7519E-9	7.70333E+3	106.050E+0	29.7617E-9
106.000E+0	-132.000E+0	24.7733E-9	7.82333E+3	106.000E+0	29.7845E-9
105.950E+0	-132.000E+0	24.7365E-9	7.74000E+3	105.950E+0	29.7445E-9
105.900E+0	-132.000E+0	24.7122E-9	6.93000E+3	105.900E+0	29.7073E-9
105.850E+0	-132.000E+0	24.6934E-9	7.82333E+3	105.850E+0	29.6886E-9
105.800E+0	-132.000E+0	24.7163E-9	7.65667E+3	105.800E+0	29.7175E-9
105.750E+0	-132.000E+0	24.7265E-9	7.46000E+3	105.750E+0	29.7270E-9
105.700E+0	-132.000E+0	24.7816E-9	7.20000E+3	105.700E+0	29.7972E-9
105.650E+0	-132.000E+0	24.7302E-9	7.22000E+3	105.650E+0	29.7377E-9
105.600E+0	-132.000E+0	24.7113E-9	7.40667E+3	105.600E+0	29.7121E-9
105.550E+0	-132.000E+0	24.7048E-9	7.22000E+3	105.550E+0	29.7058E-9
105.500E+0	-132.000E+0	24.8090E-9	7.98333E+3	105.500E+0	29.8269E-9
105.450E+0	-132.000E+0	24.7761E-9	7.61333E+3	105.450E+0	29.7864E-9
105.400E+0	-132.000E+0	24.7842E-9	7.83333E+3	105.400E+0	29.7978E-9
105.350E+0	-132.000E+0	24.7921E-9	7.72000E+3	105.350E+0	29.8072E-9
105.300E+0	-132.000E+0	24.6783E-9	8.07667E+3	105.300E+0	29.6794E-9
105.250E+0	-132.000E+0	24.7058E-9	9.01000E+3	105.250E+0	29.7055E-9
105.200E+0	-132.000E+0	24.6832E-9	8.83000E+3	105.200E+0	29.6762E-9
105.150E+0	-132.000E+0	24.6875E-9	7.88667E+3	105.150E+0	29.6854E-9
105.100E+0	-132.000E+0	24.6867E-9	8.44667E+3	105.100E+0	29.6878E-9
105.050E+0	-132.000E+0	24.6879E-9	8.20000E+3	105.050E+0	29.6864E-9
105.000E+0	-132.000E+0	24.6888E-9	8.74000E+3	105.000E+0	29.6835E-9
104.950E+0	-132.000E+0	24.6794E-9	8.28333E+3	104.950E+0	29.6757E-9
104.900E+0	-132.000E+0	24.6594E-9	9.10333E+3	104.900E+0	29.6544E-9
104.850E+0	-132.000E+0	24.5863E-9	9.42000E+3	104.850E+0	29.5642E-9
104.800E+0	-132.000E+0	24.6401E-9	8.96667E+3	104.800E+0	29.6289E-9
104.750E+0	-132.000E+0	24.6582E-9	8.63667E+3	104.750E+0	29.6512E-9
104.700E+0	-132.000E+0	24.6432E-9	8.64667E+3	104.700E+0	29.6264E-9
104.650E+0	-132.000E+0	24.6368E-9	9.04000E+3	104.650E+0	29.6239E-9
104.600E+0	-132.000E+0	24.6624E-9	9.37667E+3	104.600E+0	29.6528E-9
104.550E+0	-132.000E+0	24.7889E-9	8.14000E+3	104.550E+0	29.8093E-9
104.500E+0	-132.000E+0	24.6389E-9	8.78667E+3	104.500E+0	29.6285E-9
104.450E+0	-132.000E+0	24.6632E-9	9.74667E+3	104.450E+0	29.6578E-9
104.400E+0	-132.000E+0	24.6553E-9	8.91333E+3	104.400E+0	29.6477E-9
104.350E+0	-132.000E+0	24.5978E-9	8.33000E+3	104.350E+0	29.5797E-9
104.300E+0	-132.000E+0	24.5971E-9	9.01667E+3	104.300E+0	29.5758E-9
104.250E+0	-132.000E+0	24.5729E-9	8.73667E+3	104.250E+0	29.5495E-9
104.200E+0	-132.000E+0	24.5755E-9	10.6733E+3	104.200E+0	29.5519E-9
104.150E+0	-132.000E+0	24.6420E-9	9.89000E+3	104.150E+0	29.6302E-9
104.100E+0	-132.000E+0	24.6199E-9	9.72000E+3	104.100E+0	29.6034E-9
104.050E+0	-132.000E+0	24.6814E-9	9.24333E+3	104.050E+0	29.6763E-9
104.000E+0	-132.000E+0	24.6011E-9	10.0800E+3	104.000E+0	29.5785E-9
103.950E+0	-132.000E+0	24.6384E-9	9.07333E+3	103.950E+0	29.6218E-9
103.900E+0	-132.000E+0	24.6362E-9	9.67667E+3	103.900E+0	29.6204E-9
103.850E+0	-132.000E+0	24.6131E-9	9.70667E+3	103.850E+0	29.5960E-9
103.800E+0	-132.000E+0	24.6321E-9	9.43333E+3	103.800E+0	29.6168E-9
103.750E+0	-132.000E+0	24.7863E-9	10.2833E+3	103.750E+0	29.8047E-9
103.700E+0	-132.000E+0	24.7803E-9	9.87000E+3	103.700E+0	29.7960E-9
103.650E+0	-132.000E+0	24.7794E-9	11.0867E+3	103.650E+0	29.7960E-9
103.600E+0	-132.000E+0	24.7901E-9	9.96667E+3	103.600E+0	29.8047E-9
103.550E+0	-132.000E+0	24.7732E-9	10.9967E+3	103.550E+0	29.7863E-9
103.500E+0	-132.000E+0	24.7381E-9	9.25333E+3	103.500E+0	29.7420E-9
103.450E+0	-132.000E+0	24.8699E-9	10.5667E+3	103.450E+0	29.9029E-9
103.400E+0	-132.000E+0	24.8828E-9	10.8467E+3	103.400E+0	29.9169E-9
103.350E+0	-132.000E+0	24.7848E-9	10.3467E+3	103.350E+0	29.8016E-9
103.300E+0	-132.000E+0	24.7785E-9	11.0000E+3	103.300E+0	29.7940E-9
103.250E+0	-132.000E+0	24.7774E-9	10.6033E+3	103.250E+0	29.7918E-9
103.200E+0	-132.000E+0	24.7779E-9	10.8000E+3	103.200E+0	29.7943E-9
103.150E+0	-132.000E+0	24.8493E-9	11.2433E+3	103.150E+0	29.8808E-9
103.100E+0	-132.000E+0	24.7725E-9	12.1400E+3	103.100E+0	29.7881E-9
103.050E+0	-132.000E+0	24.8228E-9	11.1333E+3	103.050E+0	29.8460E-9
103.000E+0	-132.000E+0	24.7138E-9	10.9633E+3	103.000E+0	29.7112E-9
102.950E+0	-132.000E+0	24.8376E-9	11.6267E+3	102.950E+0	29.8659E-9
102.900E+0	-132.000E+0	24.8066E-9	10.7767E+3	102.900E+0	29.8281E-9
102.850E+0	-132.000E+0	24.8757E-9	10.9233E+3	102.850E+0	29.9076E-9
102.800E+0	-132.000E+0	24.7168E-9	11.5633E+3	102.800E+0	29.7182E-9
102.750E+0	-132.000E+0	24.6992E-9	11.7167E+3	102.750E+0	29.6984E-9
102.700E+0	-132.000E+0	24.7111E-9	11.5900E+3	102.700E+0	29.7144E-9
102.650E+0	-132.000E+0	24.7012E-9	11.8700E+3	102.650E+0	29.7049E-9
102.600E+0	-132.000E+0	24.7022E-9	12.2533E+3	102.600E+0	29.6997E-9
102.550E+0	-132.000E+0	24.7656E-9	12.3933E+3	102.550E+0	29.7790E-9
102.500E+0	-132.000E+0	24.7334E-9	12.7000E+3	102.500E+0	29.7360E-9
102.450E+0	-132.000E+0	24.7543E-9	13.4467E+3	102.450E+0	29.7652E-9
102.400E+0	-132.000E+0	24.8468E-9	13.1600E+3	102.400E+0	29.8724E-9
102.350E+0	-132.000E+0	24.8437E-9	11.6067E+3	102.350E+0	29.8706E-9
102.300E+0	-132.000E+0	24.7418E-9	13.5233E+3	102.300E+0	29.7500E-9
102.250E+0	-132.000E+0	24.7508E-9	12.2633E+3	102.250E+0	29.7618E-9
102.200E+0	-132.000E+0	24.7164E-9	13.1200E+3	102.200E+0	29.7187E-9
102.150E+0	-132.000E+0	24.6728E-9	11.7400E+3	102.150E+0	29.6651E-9
102.100E+0	-132.000E+0	24.7199E-9	12.9767E+3	102.100E+0	29.7255E-9
102.050E+0	-132.000E+0	24.7099E-9	11.9667E+3	102.050E+0	29.7148E-9
102.000E+0	-132.000E+0	24.7077E-9	14.0000E+3	102.000E+0	29.7070E-9
101.950E+0	-132.000E+0	24.7433E-9	14.3767E+3	101.950E+0	29.7516E-9
101.900E+0	-132.000E+0	24.7696E-9	14.3533E+3	101.900E+0	29.7833E-9
101.850E+0	-132.000E+0	24.7686E-9	13.6733E+3	101.850E+0	29.7826E-9
101.800E+0	-132.000E+0	24.7903E-9	12.5567E+3	101.800E+0	29.8053E-9
101.750E+0	-132.000E+0	24.7827E-9	13.4700E+3	101.750E+0	29.7992E-9
101.700E+0	-132.000E+0	24.8900E-9	13.2000E+3	101.700E+0	29.9208E-9
101.650E+0	-132.000E+0	24.8566E-9	14.0367E+3	101.650E+0	29.8847E-9
101.600E+0	-132.000E+0	24.7645E-9	14.6267E+3	101.600E+0	29.7743E-9
101.550E+0	-132.000E+0	24.7866E-9	14.6333E+3	101.550E+0	29.8021E-9
101.500E+0	-132.000E+0	24.8583E-9	13.3933E+3	101.500E+0	29.8871E-9
101.450E+0	-132.000E+0	24.8576E-9	14.4233E+3	101.450E+0	29.8871E-9
101.400E+0	-132.000E+0	24.8661E-9	15.7533E+3	101.400E+0	29.9017E-9
101.350E+0	-132.000E+0	24.8577E-9	15.6367E+3	101.350E+0	29.8860E-9
101.300E+0	-132.000E+0	24.8709E-9	13.6733E+3	101.300E+0	29.9054E-9
101.250E+0	-132.000E+0	24.8656E-9	14.6667E+3	101.250E+0	29.8986E-9
101.200E+0	-132.000E+0	24.7984E-9	16.7067E+3	101.200E+0	29.8147E-9
101.150E+0	-132.000E+0	24.7835E-9	15.8967E+3	101.150E+0	29.7945E-9
101.100E+0	-132.000E+0	24.8191E-9	15.7967E+3	101.100E+0	29.8435E-9
101.050E+0	-132.000E+0	24.8552E-9	16.0267E+3	101.050E+0	29.8809E-9
101.000E+0	-132.000E+0	24.8657E-9	16.2600E+3	101.000E+0	29.9017E-9
100.950E+0	-132.000E+0	24.8370E-9	16.2233E+3	100.950E+0	29.8608E-9
100.900E+0	-132.000E+0	24.8755E-9	15.2867E+3	100.900E+0	29.9097E-9
100.850E+0	-132.000E+0	24.8929E-9	16.2100E+3	100.850E+0	29.9328E-9
100.800E+0	-132.000E+0	24.7962E-9	15.4367E+3	100.800E+0	29.8130E-9
100.750E+0	-132.000E+0	24.7860E-9	16.5833E+3	100.750E+0	29.7997E-9
100.700E+0	-132.000E+0	24.7635E-9	15.7000E+3	100.700E+0	29.7719E-9
100.650E+0	-132.000E+0	24.7603E-9	16.6733E+3	100.650E+0	29.7689E-9
100.600E+0	-132.000E+0	24.7479E-9	17.4433E+3	100.600E+0	29.7530E-9
100.550E+0	-132.000E+0	24.7354E-9	15.8433E+3	100.550E+0	29.7439E-9
100.500E+0	-132.000E+0	24.7377E-9	16.1633E+3	100.500E+0	29.7437E-9
100.450E+0	-132.000E+0	24.7344E-9	17.8167E+3	100.450E+0	29.7481E-9
100.400E+0	-132.000E+0	24.7539E-9	17.0167E+3	100.400E+0	29.7662E-9
100.350E+0	-132.000E+0	24.7756E-9	17.3567E+3	100.350E+0	29.7922E-9
100.300E+0	-132.000E+0	24.7420E-9	17.0500E+3	100.300E+0	29.7514E-9
100.250E+0	-132.000E+0	24.6685E-9	16.8100E+3	100.250E+0	29.6578E-9
100.200E+0	-132.000E+0	24.7825E-9	17.9200E+3	100.200E+0	29.7958E-9
100.150E+0	-132.000E+0	24.7805E-9	17.9933E+3	100.150E+0	29.7985E-9
100.100E+0	-132.000E+0	24.7809E-9	15.9967E+3	100.100E+0	29.7942E-9
100.050E+0	-132.000E+0	24.8003E-9	17.9800E+3	100.050E+0	29.8142E-9
100.000E+0	-132.000E+0	24.7632E-9	17.7233E+3	100.000E+0	29.7729E-9
99.9500E+0	-132.000E+0	24.7925E-9	17.9767E+3	99.9500E+0	29.8127E-9
99.9000E+0	-132.000E+0	24.7908E-9	18.3633E+3	99.9000E+0	29.8048E-9
99.8500E+0	-132.000E+0	24.7797E-9	17.8100E+3	99.8500E+0	29.7969E-9
99.8000E+0	-132.000E+0	24.7556E-9	16.5967E+3	99.8000E+0	29.7650E-9
99.7500E+0	-132.000E+0	24.7584E-9	19.6200E+3	99.7500E+0	29.7668E-9
99.7000E+0	-132.000E+0	24.7990E-9	18.6867E+3	99.7000E+0	29.8174E-9
99.6500E+0	-132.000E+0	24.6667E-9	18.7467E+3	99.6500E+0	29.6615E-9
99.6000E+0	-132.000E+0	24.7322E-9	18.3600E+3	99.6000E+0	29.7374E-9
99.5500E+0	-132.000E+0	24.7339E-9	19.3033E+3	99.5500E+0	29.7321E-9
99.5000E+0	-132.000E+0	24.7344E-9	19.1433E+3	99.5000E+0	29.7382E-9
99.4500E+0	-132.000E+0	24.7374E-9	17.7933E+3	99.4500E+0	29.7398E-9
99.4000E+0	-132.000E+0	24.7032E-9	19.2900E+3	99.4000E+0	29.7048E-9
99.3500E+0	-132.000E+0	24.7074E-9	19.0733E+3	99.3500E+0	29.7128E-9
99.3000E+0	-132.000E+0	24.6923E-9	18.3567E+3	99.3000E+0	29.6933E-9
99.2500E+0	-132.000E+0	24.7227E-9	18.8933E+3	99.2500E+0	29.7316E-9
99.2000E+0	-132.000E+0	24.8634E-9	21.6567E+3	99.2000E+0	29.8936E-9
99.1500E+0	-132.000E+0	24.8317E-9	19.8933E+3	99.1500E+0	29.8561E-9
99.1000E+0	-132.000E+0	24.7346E-9	19.2867E+3	99.1000E+0	29.7390E-9
99.0500E+0	-132.000E+0	24.8733E-9	21.7100E+3	99.0500E+0	29.9121E-9
99.0000E+0	-132.000E+0	24.7115E-9	19.1433E+3	99.0000E+0	29.7167E-9
98.9500E+0	-132.000E+0	24.7256E-9	19.2433E+3	98.9500E+0	29.7340E-9
98.9000E+0	-132.000E+0	24.7364E-9	19.5300E+3	98.9000E+0	29.7461E-9
98.8500E+0	-132.000E+0	24.7703E-9	20.4900E+3	98.8500E+0	29.7881E-9
98.8000E+0	-132.000E+0	24.8915E-9	19.5067E+3	98.8000E+0	29.9289E-9
98.7500E+0	-132.000E+0	24.8145E-9	21.3967E+3	98.7500E+0	29.8441E-9
98.7000E+0	-132.000E+0	24.8785E-9	21.9800E+3	98.7000E+0	29.9139E-9
98.6500E+0	-132.000E+0	24.7812E-9	21.2367E+3	98.6500E+0	29.8006E-9
98.6000E+0	-132.000E+0	24.8737E-9	20.2033E+3	98.6000E+0	29.9102E-9
98.5500E+0	-132.000E+0	24.8589E-9	20.5267E+3	98.5500E+0	29.8911E-9
98.5000E+0	-132.000E+0	24.7297E-9	20.2367E+3	98.5000E+0	29.7307E-9
98.4500E+0	-132.000E+0	24.7245E-9	19.5833E+3	98.4500E+0	29.7294E-9
98.4000E+0	-132.000E+0	24.8022E-9	21.2100E+3	98.4000E+0	29.8227E-9
98.3500E+0	-132.000E+0	24.7568E-9	20.7400E+3	98.3500E+0	29.7667E-9
98.3000E+0	-132.000E+0	24.7489E-9	20.4333E+3	98.3000E+0	29.7595E-9
98.2500E+0	-132.000E+0	24.7704E-9	19.1433E+3	98.2500E+0	29.7831E-9
98.2000E+0	-132.000E+0	24.7093E-9	21.3233E+3	98.2000E+0	29.7117E-9
98.1500E+0	-132.000E+0	24.7166E-9	20.7400E+3	98.1500E+0	29.7285E-9
98.1000E+0	-132.000E+0	24.6999E-9	22.0233E+3	98.1000E+0	29.7049E-9
98.0500E+0	-132.000E+0	24.6421E-9	21.7467E+3	98.0500E+0	29.6324E-9
98.0000E+0	-132.000E+0	24.7002E-9	20.0000E+3	98.0000E+0	29.7016E-9
97.9500E+0	-132.000E+0	24.6189E-9	23.0567E+3	97.9500E+0	29.6047E-9
97.9000E+0	-132.000E+0	24.6627E-9	20.1133E+3	97.9000E+0	29.6600E-9
97.8500E+0	-132.000E+0	24.6561E-9	20.5867E+3	97.8500E+0	29.6537E-9
97.8000E+0	-132.000E+0	24.6748E-9	20.5967E+3	97.8000E+0	29.6689E-9
97.7500E+0	-132.000E+0	24.7832E-9	22.2967E+3	97.7500E+0	29.7981E-9
97.7000E+0	-132.000E+0	24.8034E-9	22.4367E+3	97.7000E+0	29.8201E-9
97.6500E+0	-132.000E+0	24.7999E-9	22.7533E+3	97.6500E+0	29.8211E-9
97.6000E+0	-132.000E+0	24.8059E-9	21.8933E+3	97.6000E+0	29.8276E-9
97.5500E+0	-132.000E+0	24.6437E-9	21.4633E+3	97.5500E+0	29.6352E-9
97.5000E+0	-132.000E+0	24.7102E-9	21.0667E+3	97.5000E+0	29.7152E-9
97.4500E+0	-132.000E+0	24.6711E-9	20.3600E+3	97.4500E+0	29.6715E-9
97.4000E+0	-132.000E+0	24.6377E-9	21.8267E+3	97.4000E+0	29.6301E-9
97.3500E+0	-132.000E+0	24.7993E-9	21.7267E+3	97.3500E+0	29.8212E-9
97.3000E+0	-132.000E+0	24.6533E-9	21.0200E+3	97.3000E+0	29.6482E-9
97.2500E+0	-132.000E+0	24.6577E-9	20.2267E+3	97.2500E+0	29.6522E-9
97.2000E+0	-132.000E+0	24.7655E-9	21.9900E+3	97.2000E+0	29.7801E-9
97.1500E+0	-132.000E+0	24.6481E-9	22.8367E+3	97.1500E+0	29.6381E-9
97.1000E+0	-132.000E+0	24.6415E-9	21.0900E+3	97.1000E+0	29.6287E-9
97.0500E+0	-132.000E+0	24.6649E-9	21.3367E+3	97.0500E+0	29.6587E-9
97.0000E+0	-132.000E+0	24.6766E-9	22.1800E+3	97.0000E+0	29.6743E-9
96.9500E+0	-132.000E+0	24.6610E-9	21.7033E+3	96.9500E+0	29.6521E-9
96.9000E+0	-132.000E+0	24.7198E-9	21.3267E+3	96.9000E+0	29.7247E-9
96.8500E+0	-132.000E+0	24.7789E-9	23.3200E+3	96.8500E+0	29.7936E-9
96.8000E+0	-132.000E+0	24.8099E-9	21.3733E+3	96.8000E+0	29.8311E-9
96.7500E+0	-132.000E+0	24.6751E-9	21.3433E+3	96.7500E+0	29.6692E-9
96.7000E+0	-132.000E+0	24.6585E-9	20.9500E+3	96.7000E+0	29.6505E-9
96.6500E+0	-132.000E+0	24.6522E-9	20.6033E+3	96.6500E+0	29.6436E-9
96.6000E+0	-132.000E+0	24.6592E-9	21.4333E+3	96.6000E+0	29.6517E-9
96.5500E+0	-132.000E+0	24.6576E-9	21.3000E+3	96.5500E+0	29.6476E-9
96.5000E+0	-132.000E+0	24.8048E-9	21.2333E+3	96.5000E+0	29.8256E-9
96.4500E+0	-132.000E+0	24.7096E-9	19.8867E+3	96.4500E+0	29.7066E-9
96.4000E+0	-132.000E+0	24.7297E-9	21.5667E+3	96.4000E+0	29.7296E-9
96.3500E+0	-132.000E+0	24.7251E-9	22.4200E+3	96.3500E+0	29.7274E-9
96.3000E+0	-132.000E+0	24.7207E-9	22.5633E+3	96.3000E+0	29.7247E-9
96.2500E+0	-132.000E+0	24.7325E-9	21.8233E+3	96.2500E+0	29.7380E-9
96.2000E+0	-132.000E+0	24.6680E-9	21.0233E+3	96.2000E+0	29.6627E-9
96.1500E+0	-132.000E+0	24.7084E-9	21.5533E+3	96.1500E+0	29.7095E-9
96.1000E+0	-132.000E+0	24.6566E-9	20.0200E+3	96.1000E+0	29.6525E-9
96.0500E+0	-132.000E+0	24.8227E-9	20.1733E+3	96.0500E+0	29.8487E-9
96.0000E+0	-132.000E+0	24.7890E-9	20.0567E+3	96.0000E+0	29.8087E-9
95.9500E+0	-132.000E+0	24.7409E-9	20.5567E+3	95.9500E+0	29.7514E-9
95.9000E+0	-132.000E+0	24.7961E-9	19.1200E+3	95.9000E+0	29.8145E-9
95.8500E+0	-132.000E+0	24.8105E-9	19.9967E+3	95.8500E+0	29.8345E-9
95.8000E+0	-132.000E+0	24.6641E-9	19.7467E+3	95.8000E+0	29.6580E-9
95.7500E+0	-132.000E+0	24.7918E-9	20.5700E+3	95.7500E+0	29.8114E-9
95.7000E+0	-132.000E+0	24.7271E-9	19.2867E+3	95.7000E+0	29.7332E-9
95.6500E+0	-132.000E+0	24.6473E-9	19.7367E+3	95.6500E+0	29.6368E-9
95.6000E+0	-132.000E+0	24.6771E-9	19.9100E+3	95.6000E+0	29.6698E-9
95.5500E+0	-132.000E+0	24.7289E-9	18.5767E+3	95.5500E+0	29.7309E-9
95.5000E+0	-132.000E+0	24.8030E-9	20.2933E+3	95.5000E+0	29.8225E-9
95.4500E+0	-132.000E+0	24.6141E-9	19.2767E+3	95.4500E+0	29.5976E-9
95.4000E+0	-132.000E+0	24.5881E-9	18.5933E+3	95.4000E+0	29.5653E-9
95.3500E+0	-132.000E+0	24.6728E-9	18.5167E+3	95.3500E+0	29.6640E-9
95.3000E+0	-132.000E+0	24.7678E-9	20.8433E+3	95.3000E+0	29.7792E-9
95.2500E+0	-132.000E+0	24.7133E-9	19.1833E+3	95.2500E+0	29.7162E-9
95.2000E+0	-132.000E+0	24.6523E-9	18.9567E+3	95.2000E+0	29.6393E-9
95.1500E+0	-132.000E+0	24.7612E-9	17.8267E+3	95.1500E+0	29.7710E-9
95.1000E+0	-132.000E+0	24.8217E-9	19.2933E+3	95.1000E+0	29.8430E-9
95.0500E+0	-132.000E+0	24.7152E-9	19.0067E+3	95.0500E+0	29.7168E-9
95.0000E+0	-132.000E+0	24.8416E-9	16.5300E+3	95.0000E+0	29.8689E-9
94.9500E+0	-132.000E+0	24.8047E-9	18.3533E+3	94.9500E+0	29.8262E-9
94.9000E+0	-132.000E+0	24.6633E-9	17.1000E+3	94.9000E+0	29.6572E-9
94.8500E+0	-132.000E+0	24.8071E-9	18.7867E+3	94.8500E+0	29.8295E-9
94.8000E+0	-132.000E+0	24.7237E-9	18.0467E+3	94.8000E+0	29.7316E-9
94.7500E+0	-132.000E+0	24.7247E-9	16.7567E+3	94.7500E+0	29.7284E-9
94.7000E+0	-132.000E+0	24.7545E-9	18.4600E+3	94.7000E+0	29.7690E-9
94.6500E+0	-132.000E+0	24.6299E-9	17.0033E+3	94.6500E+0	29.6141E-9
94.6000E+0	-132.000E+0	24.7846E-9	17.8567E+3	94.6000E+0	29.7979E-9
94.5500E+0	-132.000E+0	24.7066E-9	16.0367E+3	94.5500E+0	29.7076E-9
94.5000E+0	-132.000E+0	24.7255E-9	16.9000E+3	94.5000E+0	29.7298E-9
94.4500E+0	-132.000E+0	24.6878E-9	17.5833E+3	94.4500E+0	29.6797E-9
94.4000E+0	-132.000E+0	24.6449E-9	15.8600E+3	94.4000E+0	29.6300E-9
94.3500E+0	-132.000E+0	24.6638E-9	15.7300E+3	94.3500E+0	29.6563E-9
94.3000E+0	-132.000E+0	24.6546E-9	15.9967E+3	94.3000E+0	29.6445E-9
94.2500E+0	-132.000E+0	24.6390E-9	16.2967E+3	94.2500E+0	29.6265E-9
94.2000E+0	-132.000E+0	24.6336E-9	16.3133E+3	94.2000E+0	29.6194E-9
94.1500E+0	-132.000E+0	24.8849E-9	17.0400E+3	94.1500E+0	29.9233E-9
94.1000E+0	-132.000E+0	24.6192E-9	15.0800E+3	94.1000E+0	29.6030E-9
94.0500E+0	-132.000E+0	24.6145E-9	14.3933E+3	94.0500E+0	29.5958E-9
94.0000E+0	-132.000E+0	24.6545E-9	15.6633E+3	94.0000E+0	29.6441E-9
93.9500E+0	-132.000E+0	24.6648E-9	13.9967E+3	93.9500E+0	29.6558E-9
93.9000E+0	-132.000E+0	24.6595E-9	15.3733E+3	93.9000E+0	29.6523E-9
93.8500E+0	-132.000E+0	24.6645E-9	14.3600E+3	93.8500E+0	29.6562E-9
93.8000E+0	-132.000E+0	24.6657E-9	14.2633E+3	93.8000E+0	29.6561E-9
93.7500E+0	-132.000E+0	24.6506E-9	13.6900E+3	93.7500E+0	29.6389E-9
93.7000E+0	-132.000E+0	24.6581E-9	14.9400E+3	93.7000E+0	29.6465E-9
93.6500E+0	-132.000E+0	24.6419E-9	14.3800E+3	93.6500E+0	29.6301E-9
93.6000E+0	-132.000E+0	24.6524E-9	13.1400E+3	93.6000E+0	29.6424E-9
93.5500E+0	-132.000E+0	24.6517E-9	12.8267E+3	93.5500E+0	29.6389E-9
93.5000E+0	-132.000E+0	24.6516E-9	11.9367E+3	93.5000E+0	29.6383E-9
93.4500E+0	-132.000E+0	24.6622E-9	13.4100E+3	93.4500E+0	29.6544E-9
93.4000E+0	-132.000E+0	24.6669E-9	13.7667E+3	93.4000E+0	29.6564E-9
93.3500E+0	-132.000E+0	24.6216E-9	13.1300E+3	93.3500E+0	29.6088E-9
93.3000E+0	-132.000E+0	24.6123E-9	13.2933E+3	93.3000E+0	29.5921E-9
93.2500E+0	-132.000E+0	24.6291E-9	12.0967E+3	93.2500E+0	29.6134E-9
93.2000E+0	-132.000E+0	24.6257E-9	12.6533E+3	93.2000E+0	29.6112E-9
93.1500E+0	-132.000E+0	24.6268E-9	12.8233E+3	93.1500E+0	29.6114E-9
93.1000E+0	-132.000E+0	24.6211E-9	12.6067E+3	93.1000E+0	29.6068E-9
93.0500E+0	-132.000E+0	24.5913E-9	11.6933E+3	93.0500E+0	29.5719E-9
93.0000E+0	-132.000E+0	24.6009E-9	13.3333E+3	93.0000E+0	29.5820E-9
92.9500E+0	-132.000E+0	24.6552E-9	10.7200E+3	92.9500E+0	29.6435E-9
92.9000E+0	-132.000E+0	24.6311E-9	11.8567E+3	92.9000E+0	29.6149E-9
92.8500E+0	-132.000E+0	24.6688E-9	10.3733E+3	92.8500E+0	29.6608E-9
92.8000E+0	-132.000E+0	24.6691E-9	11.8867E+3	92.8000E+0	29.6605E-9
92.7500E+0	-132.000E+0	24.6638E-9	10.9500E+3	92.7500E+0	29.6582E-9
92.7000E+0	-132.000E+0	24.6627E-9	10.6733E+3	92.7000E+0	29.6575E-9
92.6500E+0	-132.000E+0	24.6533E-9	10.7200E+3	92.6500E+0	29.6448E-9
92.6000E+0	-132.000E+0	24.6554E-9	11.0300E+3	92.6000E+0	29.6525E-9
92.5500E+0	-132.000E+0	24.6500E-9	10.0800E+3	92.5500E+0	29.6460E-9
92.5000E+0	-132.000E+0	24.6443E-9	10.8300E+3	92.5000E+0	29.6422E-9
92.4500E+0	-132.000E+0	24.6258E-9	9.36333E+3	92.4500E+0	29.6134E-9
92.4000E+0	-132.000E+0	24.6132E-9	9.69000E+3	92.4000E+0	29.6033E-9
92.3500E+0	-132.000E+0	24.6173E-9	8.74000E+3	92.3500E+0	29.6029E-9
92.3000E+0	-132.000E+0	24.6629E-9	9.12000E+3	92.3000E+0	29.6564E-9
92.2500E+0	-132.000E+0	24.6550E-9	9.47333E+3	92.2500E+0	29.6480E-9
92.2000E+0	-132.000E+0	24.6522E-9	8.42333E+3	92.2000E+0	29.6437E-9
92.1500E+0	-132.000E+0	24.6317E-9	9.29333E+3	92.1500E+0	29.6192E-9
92.1000E+0	-132.000E+0	24.6617E-9	10.2567E+3	92.1000E+0	29.6561E-9
92.0500E+0	-132.000E+0	24.6338E-9	9.40333E+3	92.0500E+0	29.6257E-9
92.0000E+0	-132.000E+0	24.6580E-9	8.21667E+3	92.0000E+0	29.6522E-9
91.9500E+0	-132.000E+0	24.6433E-9	8.15000E+3	91.9500E+0	29.6349E-9
91.9000E+0	-132.000E+0	24.6555E-9	8.14000E+3	91.9000E+0	29.6506E-9
91.8500E+0	-132.000E+0	24.6652E-9	8.06000E+3	91.8500E+0	29.6592E-9
91.8000E+0	-132.000E+0	24.6697E-9	7.83000E+3	91.8000E+0	29.6633E-9
91.7500E+0	-132.000E+0	24.6618E-9	8.95000E+3	91.7500E+0	29.6562E-9
91.7000E+0	-132.000E+0	24.6636E-9	7.94000E+3	91.7000E+0	29.6602E-9
91.6500E+0	-132.000E+0	24.6196E-9	7.91667E+3	91.6500E+0	29.6041E-9
91.6000E+0	-132.000E+0	24.6303E-9	7.96667E+3	91.6000E+0	29.6161E-9
91.5500E+0	-132.000E+0	24.6548E-9	7.79000E+3	91.5500E+0	29.6496E-9
91.5000E+0	-132.000E+0	24.6491E-9	7.29667E+3	91.5000E+0	29.6403E-9
91.4500E+0	-132.000E+0	24.8631E-9	7.12000E+3	91.4500E+0	29.8958E-9
91.4000E+0	-132.000E+0	24.6582E-9	7.76667E+3	91.4000E+0	29.6501E-9
91.3500E+0	-132.000E+0	24.4651E-9	7.40667E+3	91.3500E+0	29.4230E-9
91.3000E+0	-132.000E+0	24.4893E-9	6.95000E+3	91.3000E+0	29.4480E-9
91.2500E+0	-132.000E+0	24.4164E-9	6.84667E+3	91.2500E+0	29.3621E-9
91.2000E+0	-132.000E+0	24.4967E-9	5.88000E+3	91.2000E+0	29.4577E-9
91.1500E+0	-132.000E+0	24.4426E-9	6.48667E+3	91.1500E+0	29.3956E-9
91.1000E+0	-132.000E+0	24.4349E-9	5.92333E+3	91.1000E+0	29.3849E-9
91.0500E+0	-132.000E+0	24.4581E-9	6.04000E+3	91.0500E+0	29.4155E-9
91.0000E+0	-132.000E+0	24.5013E-9	5.85333E+3	91.0000E+0	29.4662E-9
90.9500E+0	-132.000E+0	24.6470E-9	5.36000E+3	90.9500E+0	29.6399E-9
90.9000E+0	-132.000E+0	24.7775E-9	6.01333E+3	90.9000E+0	29.7953E-9
90.8500E+0	-132.000E+0	24.7765E-9	6.77333E+3	90.8500E+0	29.7974E-9
90.8000E+0	-132.000E+0	24.7786E-9	5.51000E+3	90.8000E+0	29.7956E-9
90.7500E+0	-132.000E+0	24.7459E-9	5.55667E+3	90.7500E+0	29.7603E-9
90.7000E+0	-132.000E+0	24.7344E-9	4.92333E+3	90.7000E+0	29.7447E-9
90.6500E+0	-132.000E+0	24.7729E-9	5.20000E+3	90.6500E+0	29.7919E-9
90.6000E+0	-132.000E+0	24.7723E-9	5.75333E+3	90.6000E+0	29.7878E-9
90.5500E+0	-132.000E+0	24.7710E-9	4.69000E+3	90.5500E+0	29.7857E-9
90.5000E+0	-132.000E+0	24.7647E-9	5.43667E+3	90.5000E+0	29.7803E-9
90.4500E+0	-132.000E+0	24.7858E-9	5.24000E+3	90.4500E+0	29.8037E-9
90.4000E+0	-132.000E+0	24.7846E-9	4.17000E+3	90.4000E+0	29.8048E-9
90.3500E+0	-132.000E+0	24.7758E-9	4.68333E+3	90.3500E+0	29.7912E-9
90.3000E+0	-132.000E+0	24.7698E-9	4.50333E+3	90.3000E+0	29.7860E-9
90.2500E+0	-132.000E+0	24.7808E-9	4.31000E+3	90.2500E+0	29.7961E-9
90.2000E+0	-132.000E+0	24.7688E-9	4.11667E+3	90.2000E+0	29.7837E-9
90.1500E+0	-132.000E+0	24.7527E-9	4.79667E+3	90.1500E+0	29.7639E-9
90.1000E+0	-132.000E+0	24.7519E-9	4.26333E+3	90.1000E+0	29.7635E-9
90.0500E+0	-132.000E+0	24.7276E-9	4.15000E+3	90.0500E+0	29.7304E-9
90.0000E+0	-132.000E+0	24.7409E-9	4.84667E+3	90.0000E+0	29.7520E-9
89.9500E+0	-132.000E+0	24.7515E-9	4.15000E+3	89.9500E+0	29.7639E-9
89.9000E+0	-132.000E+0	24.7420E-9	3.69667E+3	89.9000E+0	29.7469E-9
89.8500E+0	-132.000E+0	24.7494E-9	4.46667E+3	89.8500E+0	29.7584E-9
89.8000E+0	-132.000E+0	24.7554E-9	3.58333E+3	89.8000E+0	29.7650E-9
89.7500E+0	-132.000E+0	24.7494E-9	3.98000E+3	89.7500E+0	29.7614E-9
89.7000E+0	-132.000E+0	24.7350E-9	3.84000E+3	89.7000E+0	29.7425E-9
89.6500E+0	-132.000E+0	24.7228E-9	2.98667E+3	89.6500E+0	29.7291E-9
89.6000E+0	-132.000E+0	24.7097E-9	3.59333E+3	89.6000E+0	29.7140E-9
89.5500E+0	-132.000E+0	24.7030E-9	3.90667E+3	89.5500E+0	29.7034E-9
89.5000E+0	-132.000E+0	24.7313E-9	3.09667E+3	89.5000E+0	29.7397E-9
89.4500E+0	-132.000E+0	24.7257E-9	3.61333E+3	89.4500E+0	29.7361E-9
89.4000E+0	-132.000E+0	24.7369E-9	3.47667E+3	89.4000E+0	29.7485E-9
89.3500E+0	-132.000E+0	24.7614E-9	3.29667E+3	89.3500E+0	29.7754E-9
89.3000E+0	-132.000E+0	24.6767E-9	3.82667E+3	89.3000E+0	29.6739E-9
89.2500E+0	-132.000E+0	24.6902E-9	3.26667E+3	89.2500E+0	29.6869E-9
89.2000E+0	-132.000E+0	24.6690E-9	2.94000E+3	89.2000E+0	29.6629E-9
89.1500E+0	-132.000E+0	24.6746E-9	3.14333E+3	89.1500E+0	29.6700E-9
89.1000E+0	-132.000E+0	24.6667E-9	2.50667E+3	89.1000E+0	29.6621E-9
89.0500E+0	-132.000E+0	24.6692E-9	3.14333E+3	89.0500E+0	29.6649E-9
89.0000E+0	-132.000E+0	24.6400E-9	2.30667E+3	89.0000E+0	29.6282E-9
88.9500E+0	-132.000E+0	24.6413E-9	2.82000E+3	88.9500E+0	29.6307E-9
88.9000E+0	-132.000E+0	24.6451E-9	2.46667E+3	88.9000E+0	29.6351E-9
88.8500E+0	-132.000E+0	24.6926E-9	2.48333E+3	88.8500E+0	29.6930E-9
88.8000E+0	-132.000E+0	24.6787E-9	3.18667E+3	88.8000E+0	29.6763E-9
88.7500E+0	-132.000E+0	24.6785E-9	2.82667E+3	88.7500E+0	29.6729E-9
88.7000E+0	-132.000E+0	24.6899E-9	2.44333E+3	88.7000E+0	29.6842E-9
88.6500E+0	-132.000E+0	24.6826E-9	2.55333E+3	88.6500E+0	29.6804E-9
88.6000E+0	-132.000E+0	24.7076E-9	2.89667E+3	88.6000E+0	29.7117E-9
88.5500E+0	-132.000E+0	24.6961E-9	2.78333E+3	88.5500E+0	29.6959E-9
88.5000E+0	-132.000E+0	24.6902E-9	2.14333E+3	88.5000E+0	29.6846E-9
88.4500E+0	-132.000E+0	24.6892E-9	2.19667E+3	88.4500E+0	29.6851E-9
88.4000E+0	-132.000E+0	24.6764E-9	2.62000E+3	88.4000E+0	29.6720E-9
88.3500E+0	-132.000E+0	24.6689E-9	2.49667E+3	88.3500E+0	29.6623E-9
88.3000E+0	-132.000E+0	24.6768E-9	2.44667E+3	88.3000E+0	29.6711E-9
88.2500E+0	-132.000E+0	24.6725E-9	2.23000E+3	88.2500E+0	29.6641E-9
88.2000E+0	-132.000E+0	24.6671E-9	2.41667E+3	88.2000E+0	29.6611E-9
88.1500E+0	-132.000E+0	24.6608E-9	2.47000E+3	88.1500E+0	29.6511E-9
88.1000E+0	-132.000E+0	24.6747E-9	2.70000E+3	88.1000E+0	29.6672E-9
88.0500E+0	-132.000E+0	24.6641E-9	2.08000E+3	88.0500E+0	29.6586E-9
88.0000E+0	-132.000E+0	24.7003E-9	2.68000E+3	88.0000E+0	29.7017E-9
87.9500E+0	-132.000E+0	24.7097E-9	1.76333E+3	87.9500E+0	29.7081E-9
87.9000E+0	-132.000E+0	24.7093E-9	1.94333E+3	87.9000E+0	29.7116E-9
87.8500E+0	-132.000E+0	24.7096E-9	2.32333E+3	87.8500E+0	29.7134E-9
87.8000E+0	-132.000E+0	24.7274E-9	2.56000E+3	87.8000E+0	29.7330E-9
87.7500E+0	-132.000E+0	24.6954E-9	2.29000E+3	87.7500E+0	29.6945E-9
87.7000E+0	-132.000E+0	24.7249E-9	2.04333E+3	87.7000E+0	29.7248E-9
87.6500E+0	-132.000E+0	24.6916E-9	2.18667E+3	87.6500E+0	29.6914E-9
87.6000E+0	-132.000E+0	24.6588E-9	1.78333E+3	87.6000E+0	29.6524E-9
87.5500E+0	-132.000E+0	24.6780E-9	2.27667E+3	87.5500E+0	29.6745E-9
87.5000E+0	-132.000E+0	24.6447E-9	2.17000E+3	87.5000E+0	29.6329E-9
87.4500E+0	-132.000E+0	24.6807E-9	1.50667E+3	87.4500E+0	29.6793E-9
87.4000E+0	-132.000E+0	24.6992E-9	1.89667E+3	87.4000E+0	29.6981E-9
87.3500E+0	-132.000E+0	24.7063E-9	1.81333E+3	87.3500E+0	29.7092E-9
87.3000E+0	-132.000E+0	24.7228E-9	1.69333E+3	87.3000E+0	29.7264E-9
87.2500E+0	-132.000E+0	24.6725E-9	2.44000E+3	87.2500E+0	29.6703E-9
87.2000E+0	-132.000E+0	24.6771E-9	2.21333E+3	87.2000E+0	29.6733E-9
87.1500E+0	-132.000E+0	24.7173E-9	2.22667E+3	87.1500E+0	29.7241E-9
87.1000E+0	-132.000E+0	24.7126E-9	2.08333E+3	87.1000E+0	29.7223E-9
87.0500E+0	-132.000E+0	24.6937E-9	2.15667E+3	87.0500E+0	29.6963E-9
87.0000E+0	-132.000E+0	24.7154E-9	1.84000E+3	87.0000E+0	29.7160E-9
86.9500E+0	-132.000E+0	24.7110E-9	2.27333E+3	86.9500E+0	29.7129E-9
86.9000E+0	-132.000E+0	24.6765E-9	2.50000E+3	86.9000E+0	29.6695E-9
86.8500E+0	-132.000E+0	24.6650E-9	2.14000E+3	86.8500E+0	29.6594E-9
86.8000E+0	-132.000E+0	24.6721E-9	2.10333E+3	86.8000E+0	29.6651E-9
86.7500E+0	-132.000E+0	24.6831E-9	1.99667E+3	86.7500E+0	29.6763E-9
86.7000E+0	-132.000E+0	24.6857E-9	1.84000E+3	86.7000E+0	29.6784E-9
86.6500E+0	-132.000E+0	24.6717E-9	1.99667E+3	86.6500E+0	29.6656E-9
86.6000E+0	-132.000E+0	24.7135E-9	1.69000E+3	86.6000E+0	29.7150E-9
86.5500E+0	-132.000E+0	24.7056E-9	2.20000E+3	86.5500E+0	29.7015E-9
86.5000E+0	-132.000E+0	24.6827E-9	2.23667E+3	86.5000E+0	29.6707E-9
86.4500E+0	-132.000E+0	24.6695E-9	2.03667E+3	86.4500E+0	29.6599E-9
86.4000E+0	-132.000E+0	24.6684E-9	1.82667E+3	86.4000E+0	29.6576E-9
86.3500E+0	-132.000E+0	24.7219E-9	2.34000E+3	86.3500E+0	29.7207E-9
86.3000E+0	-132.000E+0	24.6611E-9	2.55667E+3	86.3000E+0	29.6561E-9
86.2500E+0	-132.000E+0	24.6945E-9	2.20000E+3	86.2500E+0	29.6913E-9
86.2000E+0	-132.000E+0	24.7142E-9	2.01000E+3	86.2000E+0	29.7131E-9
86.1500E+0	-132.000E+0	24.7253E-9	2.15333E+3	86.1500E+0	29.7266E-9
86.1000E+0	-132.000E+0	24.7133E-9	1.80667E+3	86.1000E+0	29.7173E-9
86.0500E+0	-132.000E+0	24.6902E-9	2.44000E+3	86.0500E+0	29.6850E-9
86.0000E+0	-132.000E+0	24.6835E-9	2.31667E+3	86.0000E+0	29.6823E-9
85.9500E+0	-132.000E+0	24.6753E-9	1.90333E+3	85.9500E+0	29.6680E-9
85.9000E+0	-132.000E+0	24.7086E-9	1.72667E+3	85.9000E+0	29.7104E-9
85.8500E+0	-132.000E+0	24.7057E-9	1.78000E+3	85.8500E+0	29.7021E-9
85.8000E+0	-132.000E+0	24.7148E-9	2.74667E+3	85.8000E+0	29.7175E-9
85.7500E+0	-132.000E+0	24.7153E-9	2.37667E+3	85.7500E+0	29.7180E-9
85.7000E+0	-132.000E+0	24.7510E-9	2.14333E+3	85.7000E+0	29.7624E-9
85.6500E+0	-132.000E+0	24.8669E-9	2.32667E+3	85.6500E+0	29.9007E-9
85.6000E+0	-132.000E+0	24.7494E-9	2.26000E+3	85.6000E+0	29.7582E-9
85.5500E+0	-132.000E+0	24.6827E-9	2.07000E+3	85.5500E+0	29.6774E-9
85.5000E+0	-132.000E+0	24.7067E-9	2.24667E+3	85.5000E+0	29.7059E-9
85.4500E+0	-132.000E+0	24.7240E-9	2.35667E+3	85.4500E+0	29.7242E-9
85.4000E+0	-132.000E+0	24.7291E-9	1.95000E+3	85.4000E+0	29.7338E-9
85.3500E+0	-132.000E+0	24.7289E-9	1.84000E+3	85.3802E+0	29.7338E-9
85.3000E+0	-132.000E+0	24.7627E-9	2.65333E+3	85.3000E+0	29.7741E-9
85.2500E+0	-132.000E+0	24.7402E-9	1.95667E+3	85.2654E+0	29.7498E-9
85.2000E+0	-132.000E+0	24.6983E-9	2.16333E+3	85.2000E+0	29.6951E-9
85.1500E+0	-132.000E+0	24.7371E-9	2.06333E+3	85.1500E+0	29.7443E-9
85.1000E+0	-132.000E+0	24.6904E-9	1.96333E+3	85.1000E+0	29.6913E-9
85.0500E+0	-132.000E+0	24.7342E-9	1.93333E+3	85.0500E+0	29.7407E-9
85.0000E+0	-132.000E+0	24.7193E-9	2.04000E+3	85.0000E+0	29.7242E-9
84.9500E+0	-132.000E+0	24.7258E-9	1.96333E+3	84.9500E+0	29.7343E-9
84.9000E+0	-132.000E+0	24.6894E-9	1.94667E+3	84.9000E+0	29.6900E-9
84.8500E+0	-132.000E+0	24.7309E-9	2.12333E+3	84.8500E+0	29.7349E-9
84.8000E+0	-132.000E+0	24.7214E-9	1.92667E+3	84.8000E+0	29.7238E-9
84.7500E+0	-132.000E+0	24.6949E-9	2.33333E+3	84.7500E+0	29.6894E-9
84.7000E+0	-132.000E+0	24.8470E-9	2.03000E+3	84.7000E+0	29.8796E-9
84.6500E+0	-132.000E+0	24.7163E-9	2.72333E+3	84.6500E+0	29.7217E-9
84.6000E+0	-132.000E+0	24.7218E-9	2.05000E+3	84.6000E+0	29.7297E-9
84.5500E+0	-132.000E+0	24.7247E-9	2.45333E+3	84.5500E+0	29.7279E-9
84.5000E+0	-132.000E+0	24.7294E-9	2.15333E+3	84.5000E+0	29.7371E-9
84.4500E+0	-132.000E+0	24.7333E-9	2.36333E+3	84.4500E+0	29.7412E-9
84.4000E+0	-132.000E+0	24.7223E-9	2.65000E+3	84.4000E+0	29.7249E-9
84.3500E+0	-132.000E+0	24.7219E-9	2.46000E+3	84.3500E+0	29.7249E-9
84.3000E+0	-132.000E+0	24.7073E-9	1.48333E+3	84.3000E+0	29.7071E-9
84.2500E+0	-132.000E+0	24.7119E-9	2.49000E+3	84.2500E+0	29.7147E-9
84.2000E+0	-132.000E+0	24.7313E-9	2.20667E+3	84.2000E+0	29.7354E-9
84.1500E+0	-132.000E+0	24.7143E-9	2.47667E+3	84.1500E+0	29.7165E-9
84.1000E+0	-132.000E+0	24.7819E-9	1.59333E+3	84.1000E+0	29.7995E-9
84.0500E+0	-132.000E+0	24.7824E-9	1.93333E+3	84.0500E+0	29.8056E-9
84.0000E+0	-132.000E+0	24.7843E-9	1.78000E+3	84.0000E+0	29.8007E-9
