Experiment	Sweep	
Date	30.09.2022 14:45:33	
User		
X (m)	0.000000E+0	
Y (m)	0.000000E+0	
Comment01	FWD, plasmons, Vtip = -134. xyz default	

[DATA]
BB Back Bias (V)	Bias (V)	Current (A)	BBX (Hz)	BB Back Bias (V)	Tip Current (A)
86.0000E+0	-134.000E+0	34.0905E-9	3.20000E+3	86.0000E+0	40.8816E-9
86.0500E+0	-134.000E+0	34.0991E-9	2.76667E+3	86.0500E+0	40.8939E-9
86.1000E+0	-134.000E+0	34.1097E-9	3.10000E+3	86.1000E+0	40.9034E-9
86.1500E+0	-134.000E+0	34.1279E-9	3.10333E+3	86.1500E+0	40.9282E-9
86.2000E+0	-134.000E+0	34.1183E-9	3.11667E+3	86.2000E+0	40.9137E-9
86.2500E+0	-134.000E+0	34.1306E-9	3.13333E+3	86.2500E+0	40.9283E-9
86.3000E+0	-134.000E+0	34.0984E-9	3.12333E+3	86.3000E+0	40.8932E-9
86.3500E+0	-134.000E+0	33.8935E-9	2.80333E+3	86.3500E+0	40.6418E-9
86.4000E+0	-134.000E+0	33.7361E-9	3.17667E+3	86.4000E+0	40.4619E-9
86.4500E+0	-134.000E+0	33.7314E-9	3.86000E+3	86.4500E+0	40.4596E-9
86.5000E+0	-134.000E+0	33.7009E-9	2.79000E+3	86.5000E+0	40.4234E-9
86.5500E+0	-134.000E+0	33.7204E-9	2.91667E+3	86.5500E+0	40.4455E-9
86.6000E+0	-134.000E+0	33.7132E-9	3.10333E+3	86.6000E+0	40.4302E-9
86.6500E+0	-134.000E+0	33.7218E-9	2.75333E+3	86.6500E+0	40.4464E-9
86.7000E+0	-134.000E+0	33.7088E-9	2.33667E+3	86.7000E+0	40.4303E-9
86.7500E+0	-134.000E+0	33.7376E-9	2.80667E+3	86.7500E+0	40.4683E-9
86.8000E+0	-134.000E+0	33.7359E-9	3.50333E+3	86.8000E+0	40.4647E-9
86.8500E+0	-134.000E+0	33.7339E-9	2.83333E+3	86.8500E+0	40.4648E-9
86.9000E+0	-134.000E+0	33.7238E-9	3.02333E+3	86.9000E+0	40.4485E-9
86.9500E+0	-134.000E+0	33.7408E-9	3.58333E+3	86.9500E+0	40.4692E-9
87.0000E+0	-134.000E+0	33.7128E-9	2.45333E+3	87.0000E+0	40.4400E-9
87.0500E+0	-134.000E+0	33.9993E-9	3.49333E+3	87.0500E+0	40.7756E-9
87.1000E+0	-134.000E+0	33.9741E-9	3.34000E+3	87.1000E+0	40.7476E-9
87.1500E+0	-134.000E+0	33.9837E-9	3.52333E+3	87.1500E+0	40.7545E-9
87.2000E+0	-134.000E+0	33.9839E-9	2.64333E+3	87.2000E+0	40.7568E-9
87.2500E+0	-134.000E+0	33.9708E-9	2.88000E+3	87.2500E+0	40.7432E-9
87.3000E+0	-134.000E+0	33.9455E-9	3.17667E+3	87.3000E+0	40.7170E-9
87.3500E+0	-134.000E+0	33.9511E-9	3.02333E+3	87.3500E+0	40.7186E-9
87.4000E+0	-134.000E+0	33.9669E-9	2.86667E+3	87.4000E+0	40.7366E-9
87.4500E+0	-134.000E+0	33.9852E-9	2.82000E+3	87.4500E+0	40.7619E-9
87.5000E+0	-134.000E+0	33.9853E-9	2.88000E+3	87.5000E+0	40.7606E-9
87.5500E+0	-134.000E+0	33.9981E-9	2.96667E+3	87.5500E+0	40.7753E-9
87.6000E+0	-134.000E+0	33.9731E-9	2.65333E+3	87.6000E+0	40.7481E-9
87.6500E+0	-134.000E+0	33.9765E-9	2.97667E+3	87.6500E+0	40.7482E-9
87.7000E+0	-134.000E+0	33.9811E-9	2.72000E+3	87.7000E+0	40.7573E-9
87.7500E+0	-134.000E+0	33.9593E-9	2.69333E+3	87.7500E+0	40.7340E-9
87.8000E+0	-134.000E+0	33.9267E-9	2.97667E+3	87.8000E+0	40.6931E-9
87.8500E+0	-134.000E+0	33.9632E-9	2.99333E+3	87.8500E+0	40.7356E-9
87.9000E+0	-134.000E+0	33.9670E-9	3.11667E+3	87.9000E+0	40.7404E-9
87.9500E+0	-134.000E+0	33.9749E-9	2.67667E+3	87.9500E+0	40.7481E-9
88.0000E+0	-134.000E+0	33.9656E-9	3.24000E+3	88.0000E+0	40.7371E-9
88.0500E+0	-134.000E+0	33.9705E-9	3.39333E+3	88.0500E+0	40.7454E-9
88.1000E+0	-134.000E+0	33.9528E-9	2.66333E+3	88.1000E+0	40.7211E-9
88.1500E+0	-134.000E+0	33.9815E-9	2.90667E+3	88.1500E+0	40.7544E-9
88.2000E+0	-134.000E+0	33.9348E-9	3.57333E+3	88.2000E+0	40.7000E-9
88.2500E+0	-134.000E+0	33.9331E-9	3.19667E+3	88.2500E+0	40.7014E-9
88.3000E+0	-134.000E+0	33.9441E-9	2.79667E+3	88.3000E+0	40.7118E-9
88.3500E+0	-134.000E+0	33.9747E-9	3.18000E+3	88.3500E+0	40.7446E-9
88.4000E+0	-134.000E+0	33.9429E-9	2.73667E+3	88.4000E+0	40.7110E-9
88.4500E+0	-134.000E+0	33.9266E-9	3.45000E+3	88.4500E+0	40.6922E-9
88.5000E+0	-134.000E+0	33.9413E-9	3.09667E+3	88.5000E+0	40.7145E-9
88.5500E+0	-134.000E+0	33.9778E-9	2.82000E+3	88.5500E+0	40.7522E-9
88.6000E+0	-134.000E+0	33.9743E-9	2.77333E+3	88.6000E+0	40.7475E-9
88.6500E+0	-134.000E+0	33.9584E-9	2.75000E+3	88.6500E+0	40.7299E-9
88.7000E+0	-134.000E+0	33.9972E-9	3.48333E+3	88.7000E+0	40.7736E-9
88.7500E+0	-134.000E+0	33.9949E-9	3.16000E+3	88.7500E+0	40.7720E-9
88.8000E+0	-134.000E+0	33.9792E-9	3.74667E+3	88.8000E+0	40.7510E-9
88.8500E+0	-134.000E+0	33.9970E-9	3.13000E+3	88.8500E+0	40.7742E-9
88.9000E+0	-134.000E+0	33.9821E-9	2.92667E+3	88.9000E+0	40.7569E-9
88.9500E+0	-134.000E+0	33.9811E-9	2.85000E+3	88.9500E+0	40.7549E-9
89.0000E+0	-134.000E+0	33.9661E-9	3.52667E+3	89.0000E+0	40.7361E-9
89.0500E+0	-134.000E+0	33.9553E-9	2.89333E+3	89.0500E+0	40.7259E-9
89.1000E+0	-134.000E+0	33.9638E-9	2.84333E+3	89.1000E+0	40.7299E-9
89.1500E+0	-134.000E+0	33.9629E-9	3.50667E+3	89.1500E+0	40.7328E-9
89.2000E+0	-134.000E+0	33.9520E-9	3.46667E+3	89.2000E+0	40.7212E-9
89.2500E+0	-134.000E+0	33.9987E-9	2.91667E+3	89.2500E+0	40.7770E-9
89.3000E+0	-134.000E+0	33.9822E-9	2.48000E+3	89.3000E+0	40.7577E-9
89.3500E+0	-134.000E+0	33.9792E-9	3.23333E+3	89.3500E+0	40.7502E-9
89.4000E+0	-134.000E+0	33.9669E-9	3.12000E+3	89.4000E+0	40.7380E-9
89.4500E+0	-134.000E+0	33.9268E-9	3.58333E+3	89.4500E+0	40.6902E-9
89.5000E+0	-134.000E+0	33.9477E-9	3.43333E+3	89.5000E+0	40.7143E-9
89.5500E+0	-134.000E+0	33.9079E-9	3.34667E+3	89.5500E+0	40.6670E-9
89.6000E+0	-134.000E+0	33.9124E-9	3.33667E+3	89.6000E+0	40.6734E-9
89.6500E+0	-134.000E+0	33.9150E-9	3.61667E+3	89.6500E+0	40.6746E-9
89.7000E+0	-134.000E+0	33.9343E-9	3.74667E+3	89.7000E+0	40.6994E-9
89.7500E+0	-134.000E+0	33.9647E-9	4.37667E+3	89.7500E+0	40.7346E-9
89.8000E+0	-134.000E+0	33.9529E-9	3.46667E+3	89.8000E+0	40.7214E-9
89.8500E+0	-134.000E+0	33.9536E-9	3.79000E+3	89.8500E+0	40.7262E-9
89.9000E+0	-134.000E+0	33.9275E-9	4.01667E+3	89.9000E+0	40.6914E-9
89.9500E+0	-134.000E+0	33.9329E-9	4.24333E+3	89.9500E+0	40.6974E-9
90.0000E+0	-134.000E+0	33.9334E-9	3.52333E+3	90.0000E+0	40.6982E-9
90.0500E+0	-134.000E+0	33.9279E-9	3.62000E+3	90.0500E+0	40.6928E-9
90.1000E+0	-134.000E+0	33.9352E-9	3.49333E+3	90.1000E+0	40.6977E-9
90.1500E+0	-134.000E+0	33.9393E-9	4.41000E+3	90.1500E+0	40.7028E-9
90.2000E+0	-134.000E+0	33.9340E-9	4.77667E+3	90.2000E+0	40.6992E-9
90.2500E+0	-134.000E+0	33.9294E-9	3.98333E+3	90.2500E+0	40.6931E-9
90.3000E+0	-134.000E+0	33.9441E-9	4.43333E+3	90.3000E+0	40.7090E-9
90.3500E+0	-134.000E+0	33.9264E-9	4.51333E+3	90.3500E+0	40.6903E-9
90.4000E+0	-134.000E+0	33.9326E-9	4.44000E+3	90.4000E+0	40.7020E-9
90.4500E+0	-134.000E+0	33.9379E-9	4.67333E+3	90.4500E+0	40.7040E-9
90.5000E+0	-134.000E+0	33.9445E-9	5.33667E+3	90.5000E+0	40.7123E-9
90.5500E+0	-134.000E+0	33.9575E-9	5.10667E+3	90.5500E+0	40.7255E-9
90.6000E+0	-134.000E+0	33.9827E-9	5.17333E+3	90.6000E+0	40.7502E-9
90.6500E+0	-134.000E+0	33.9727E-9	4.31667E+3	90.6500E+0	40.7436E-9
90.7000E+0	-134.000E+0	33.9418E-9	4.18667E+3	90.7000E+0	40.7118E-9
90.7500E+0	-134.000E+0	33.9480E-9	4.29333E+3	90.7500E+0	40.7175E-9
90.8000E+0	-134.000E+0	33.9537E-9	4.34667E+3	90.8000E+0	40.7214E-9
90.8500E+0	-134.000E+0	33.9366E-9	4.94000E+3	90.8500E+0	40.6967E-9
90.9000E+0	-134.000E+0	33.9771E-9	4.93667E+3	90.9000E+0	40.7493E-9
90.9500E+0	-134.000E+0	33.9438E-9	4.95667E+3	90.9500E+0	40.7106E-9
91.0000E+0	-134.000E+0	33.9181E-9	4.90333E+3	91.0000E+0	40.6853E-9
91.0500E+0	-134.000E+0	33.9476E-9	5.30000E+3	91.0500E+0	40.7143E-9
91.1000E+0	-134.000E+0	33.9602E-9	5.74667E+3	91.1000E+0	40.7289E-9
91.1500E+0	-134.000E+0	33.9586E-9	5.48667E+3	91.1500E+0	40.7265E-9
91.2000E+0	-134.000E+0	33.9457E-9	5.77333E+3	91.2000E+0	40.7090E-9
91.2500E+0	-134.000E+0	33.9217E-9	5.57667E+3	91.2500E+0	40.6833E-9
91.3000E+0	-134.000E+0	33.9419E-9	5.96000E+3	91.3000E+0	40.7072E-9
91.3500E+0	-134.000E+0	33.9211E-9	5.80000E+3	91.3500E+0	40.6787E-9
91.4000E+0	-134.000E+0	33.9623E-9	6.29667E+3	91.4000E+0	40.7298E-9
91.4500E+0	-134.000E+0	33.9511E-9	5.82667E+3	91.4500E+0	40.7159E-9
91.5000E+0	-134.000E+0	33.9630E-9	5.65000E+3	91.5000E+0	40.7283E-9
91.5500E+0	-134.000E+0	33.9395E-9	6.89333E+3	91.5500E+0	40.7034E-9
91.6000E+0	-134.000E+0	33.9524E-9	6.04000E+3	91.6000E+0	40.7166E-9
91.6500E+0	-134.000E+0	33.9849E-9	6.75000E+3	91.6500E+0	40.7545E-9
91.7000E+0	-134.000E+0	33.9873E-9	6.37333E+3	91.7000E+0	40.7585E-9
91.7500E+0	-134.000E+0	33.9441E-9	7.73333E+3	91.7500E+0	40.7081E-9
91.8000E+0	-134.000E+0	33.9334E-9	7.12333E+3	91.8000E+0	40.6934E-9
91.8500E+0	-134.000E+0	33.9616E-9	7.23333E+3	91.8500E+0	40.7289E-9
91.9000E+0	-134.000E+0	33.9692E-9	6.88667E+3	91.9000E+0	40.7367E-9
91.9500E+0	-134.000E+0	33.9866E-9	7.64000E+3	91.9500E+0	40.7575E-9
92.0000E+0	-134.000E+0	34.0070E-9	7.39667E+3	92.0000E+0	40.7867E-9
92.0500E+0	-134.000E+0	34.0008E-9	7.98667E+3	92.0500E+0	40.7759E-9
92.1000E+0	-134.000E+0	33.9956E-9	8.22667E+3	92.1000E+0	40.7682E-9
92.1500E+0	-134.000E+0	33.9697E-9	8.44333E+3	92.1500E+0	40.7423E-9
92.2000E+0	-134.000E+0	33.9920E-9	8.23667E+3	92.2000E+0	40.7635E-9
92.2500E+0	-134.000E+0	33.9987E-9	9.26000E+3	92.2500E+0	40.7717E-9
92.3000E+0	-134.000E+0	34.0102E-9	8.37333E+3	92.3000E+0	40.7854E-9
92.3500E+0	-134.000E+0	34.0092E-9	9.65000E+3	92.3500E+0	40.7822E-9
92.4000E+0	-134.000E+0	33.9987E-9	9.63000E+3	92.4000E+0	40.7679E-9
92.4500E+0	-134.000E+0	33.9574E-9	9.24667E+3	92.4500E+0	40.7210E-9
92.5000E+0	-134.000E+0	33.9482E-9	8.53667E+3	92.5000E+0	40.7083E-9
92.5500E+0	-134.000E+0	33.9686E-9	10.4800E+3	92.5500E+0	40.7366E-9
92.6000E+0	-134.000E+0	33.9200E-9	10.0033E+3	92.6000E+0	40.6807E-9
92.6500E+0	-134.000E+0	33.9238E-9	9.97333E+3	92.6500E+0	40.6842E-9
92.7000E+0	-134.000E+0	33.9241E-9	10.3600E+3	92.7000E+0	40.6891E-9
92.7500E+0	-134.000E+0	33.9016E-9	10.5900E+3	92.7500E+0	40.6638E-9
92.8000E+0	-134.000E+0	33.9287E-9	10.3267E+3	92.8000E+0	40.6939E-9
92.8500E+0	-134.000E+0	33.9409E-9	9.43000E+3	92.8500E+0	40.7054E-9
92.9000E+0	-134.000E+0	33.9413E-9	11.5267E+3	92.9000E+0	40.7068E-9
92.9500E+0	-134.000E+0	33.9275E-9	10.6367E+3	92.9500E+0	40.6893E-9
93.0000E+0	-134.000E+0	33.9185E-9	10.4467E+3	93.0000E+0	40.6756E-9
93.0500E+0	-134.000E+0	33.9298E-9	12.1400E+3	93.0500E+0	40.6923E-9
93.1000E+0	-134.000E+0	33.9157E-9	11.1567E+3	93.1000E+0	40.6759E-9
93.1500E+0	-134.000E+0	33.9033E-9	11.5433E+3	93.1500E+0	40.6639E-9
93.2000E+0	-134.000E+0	33.8974E-9	13.3433E+3	93.2000E+0	40.6553E-9
93.2500E+0	-134.000E+0	33.9208E-9	12.9467E+3	93.2500E+0	40.6849E-9
93.3000E+0	-134.000E+0	33.9377E-9	13.5133E+3	93.3000E+0	40.7034E-9
93.3500E+0	-134.000E+0	33.9309E-9	12.4233E+3	93.3500E+0	40.6921E-9
93.4000E+0	-134.000E+0	33.9432E-9	13.1400E+3	93.4000E+0	40.7127E-9
93.4500E+0	-134.000E+0	33.9221E-9	12.9767E+3	93.4500E+0	40.6838E-9
93.5000E+0	-134.000E+0	33.9110E-9	13.7500E+3	93.5000E+0	40.6689E-9
93.5500E+0	-134.000E+0	33.9188E-9	13.1833E+3	93.5500E+0	40.6775E-9
93.6000E+0	-134.000E+0	33.8885E-9	12.4067E+3	93.6000E+0	40.6447E-9
93.6500E+0	-134.000E+0	33.8946E-9	13.9867E+3	93.6500E+0	40.6518E-9
93.7000E+0	-134.000E+0	33.8679E-9	12.9867E+3	93.7000E+0	40.6197E-9
93.7500E+0	-134.000E+0	33.8138E-9	14.6467E+3	93.7500E+0	40.5556E-9
93.8000E+0	-134.000E+0	33.8801E-9	14.8533E+3	93.8000E+0	40.6371E-9
93.8500E+0	-134.000E+0	33.8991E-9	15.1767E+3	93.8500E+0	40.6593E-9
93.9000E+0	-134.000E+0	33.9197E-9	14.9933E+3	93.9000E+0	40.6801E-9
93.9500E+0	-134.000E+0	33.8604E-9	15.6667E+3	93.9500E+0	40.6113E-9
94.0000E+0	-134.000E+0	33.8847E-9	15.5133E+3	94.0000E+0	40.6398E-9
94.0500E+0	-134.000E+0	33.9238E-9	16.4333E+3	94.0500E+0	40.6861E-9
94.1000E+0	-134.000E+0	33.9119E-9	16.7367E+3	94.1000E+0	40.6731E-9
94.1500E+0	-134.000E+0	33.8912E-9	15.9367E+3	94.1500E+0	40.6494E-9
94.2000E+0	-134.000E+0	33.9082E-9	15.7767E+3	94.2000E+0	40.6692E-9
94.2500E+0	-134.000E+0	33.9382E-9	16.6133E+3	94.2500E+0	40.6985E-9
94.3000E+0	-134.000E+0	33.9284E-9	16.5900E+3	94.3000E+0	40.6892E-9
94.3500E+0	-134.000E+0	33.9199E-9	17.9367E+3	94.3500E+0	40.6819E-9
94.4000E+0	-134.000E+0	33.9147E-9	18.4467E+3	94.4000E+0	40.6779E-9
94.4500E+0	-134.000E+0	33.9461E-9	18.5433E+3	94.4500E+0	40.7098E-9
94.5000E+0	-134.000E+0	33.9403E-9	17.8033E+3	94.5000E+0	40.7056E-9
94.5500E+0	-134.000E+0	33.9627E-9	17.9300E+3	94.5500E+0	40.7364E-9
94.6000E+0	-134.000E+0	33.9400E-9	19.5700E+3	94.6000E+0	40.7016E-9
94.6500E+0	-134.000E+0	33.9435E-9	18.6800E+3	94.6500E+0	40.7122E-9
94.7000E+0	-134.000E+0	33.9297E-9	19.0567E+3	94.7000E+0	40.6957E-9
94.7500E+0	-134.000E+0	33.9290E-9	18.1767E+3	94.7500E+0	40.6975E-9
94.8000E+0	-134.000E+0	33.9413E-9	18.3500E+3	94.8000E+0	40.7111E-9
94.8500E+0	-134.000E+0	33.9250E-9	21.0467E+3	94.8500E+0	40.6879E-9
94.9000E+0	-134.000E+0	33.9287E-9	20.5300E+3	94.9000E+0	40.6946E-9
94.9500E+0	-134.000E+0	33.9537E-9	21.0100E+3	94.9500E+0	40.7241E-9
95.0000E+0	-134.000E+0	33.9555E-9	20.0733E+3	95.0000E+0	40.7238E-9
95.0500E+0	-134.000E+0	33.9489E-9	21.4000E+3	95.0500E+0	40.7219E-9
95.1000E+0	-134.000E+0	33.9759E-9	22.9667E+3	95.1000E+0	40.7440E-9
95.1500E+0	-134.000E+0	33.9661E-9	21.3633E+3	95.1500E+0	40.7310E-9
95.2000E+0	-134.000E+0	33.9557E-9	20.7700E+3	95.2000E+0	40.7265E-9
95.2500E+0	-134.000E+0	33.9630E-9	22.6600E+3	95.2500E+0	40.7314E-9
95.3000E+0	-134.000E+0	33.9469E-9	22.1033E+3	95.3000E+0	40.7169E-9
95.3500E+0	-134.000E+0	33.9395E-9	22.3033E+3	95.3500E+0	40.7046E-9
95.4000E+0	-134.000E+0	33.8690E-9	21.5433E+3	95.4000E+0	40.6195E-9
95.4500E+0	-134.000E+0	33.8581E-9	22.6733E+3	95.4500E+0	40.6024E-9
95.5000E+0	-134.000E+0	33.8978E-9	22.0133E+3	95.5000E+0	40.6547E-9
95.5500E+0	-134.000E+0	33.9057E-9	23.1500E+3	95.5500E+0	40.6640E-9
95.6000E+0	-134.000E+0	33.8844E-9	22.4567E+3	95.6000E+0	40.6388E-9
95.6500E+0	-134.000E+0	33.8619E-9	23.5133E+3	95.6500E+0	40.6135E-9
95.7000E+0	-134.000E+0	33.8546E-9	23.4433E+3	95.7000E+0	40.6005E-9
95.7500E+0	-134.000E+0	33.8612E-9	22.1767E+3	95.7500E+0	40.6130E-9
95.8000E+0	-134.000E+0	33.8704E-9	24.3267E+3	95.8000E+0	40.6261E-9
95.8500E+0	-134.000E+0	33.8800E-9	23.9500E+3	95.8500E+0	40.6364E-9
95.9000E+0	-134.000E+0	33.8564E-9	25.3900E+3	95.9000E+0	40.6108E-9
95.9500E+0	-134.000E+0	33.8448E-9	24.9500E+3	95.9500E+0	40.5942E-9
96.0000E+0	-134.000E+0	33.8416E-9	26.1633E+3	96.0000E+0	40.5867E-9
96.0500E+0	-134.000E+0	33.8581E-9	25.5133E+3	96.0500E+0	40.6106E-9
96.1000E+0	-134.000E+0	33.8219E-9	25.3367E+3	96.1000E+0	40.5731E-9
96.1500E+0	-134.000E+0	33.8777E-9	26.2100E+3	96.1500E+0	40.6364E-9
96.2000E+0	-134.000E+0	33.8641E-9	27.3267E+3	96.2000E+0	40.6162E-9
96.2500E+0	-134.000E+0	33.8303E-9	26.5533E+3	96.2500E+0	40.5794E-9
96.3000E+0	-134.000E+0	33.8351E-9	24.4233E+3	96.3000E+0	40.5872E-9
96.3500E+0	-134.000E+0	33.8787E-9	24.9433E+3	96.3500E+0	40.6336E-9
96.4000E+0	-134.000E+0	33.8521E-9	26.4433E+3	96.4000E+0	40.6053E-9
96.4500E+0	-134.000E+0	33.8669E-9	25.2733E+3	96.4500E+0	40.6208E-9
96.5000E+0	-134.000E+0	33.8543E-9	27.8467E+3	96.5000E+0	40.6078E-9
96.5500E+0	-134.000E+0	33.8560E-9	25.3533E+3	96.5500E+0	40.6088E-9
96.6000E+0	-134.000E+0	33.9076E-9	27.3500E+3	96.6000E+0	40.6663E-9
96.6500E+0	-134.000E+0	33.9056E-9	26.8733E+3	96.6500E+0	40.6679E-9
96.7000E+0	-134.000E+0	33.8917E-9	26.1300E+3	96.7000E+0	40.6524E-9
96.7500E+0	-134.000E+0	33.8943E-9	25.4400E+3	96.7500E+0	40.6561E-9
96.8000E+0	-134.000E+0	33.9032E-9	28.3667E+3	96.8000E+0	40.6694E-9
96.8500E+0	-134.000E+0	33.8805E-9	27.9800E+3	96.8500E+0	40.6375E-9
96.9000E+0	-134.000E+0	33.9023E-9	29.2967E+3	96.9000E+0	40.6626E-9
96.9500E+0	-134.000E+0	33.8750E-9	27.4933E+3	96.9500E+0	40.6326E-9
97.0000E+0	-134.000E+0	33.8865E-9	27.8867E+3	97.0000E+0	40.6467E-9
97.0500E+0	-134.000E+0	33.8839E-9	28.7167E+3	97.0500E+0	40.6379E-9
97.1000E+0	-134.000E+0	33.8831E-9	29.5233E+3	97.1000E+0	40.6416E-9
97.1500E+0	-134.000E+0	33.8913E-9	28.9133E+3	97.1500E+0	40.6523E-9
97.2000E+0	-134.000E+0	33.8776E-9	28.4200E+3	97.2000E+0	40.6322E-9
97.2500E+0	-134.000E+0	33.8960E-9	28.2467E+3	97.2500E+0	40.6563E-9
97.3000E+0	-134.000E+0	33.9153E-9	31.4500E+3	97.3000E+0	40.6766E-9
97.3500E+0	-134.000E+0	33.9221E-9	28.3833E+3	97.3500E+0	40.6792E-9
97.4000E+0	-134.000E+0	33.9016E-9	30.5300E+3	97.4000E+0	40.6603E-9
97.4500E+0	-134.000E+0	33.9109E-9	30.2500E+3	97.4500E+0	40.6703E-9
97.5000E+0	-134.000E+0	33.8965E-9	30.7800E+3	97.5000E+0	40.6516E-9
97.5500E+0	-134.000E+0	33.8698E-9	30.7800E+3	97.5500E+0	40.6265E-9
97.6000E+0	-134.000E+0	33.8561E-9	30.2167E+3	97.6000E+0	40.6084E-9
97.6500E+0	-134.000E+0	33.8461E-9	30.2867E+3	97.6500E+0	40.5958E-9
97.7000E+0	-134.000E+0	33.8741E-9	30.6900E+3	97.7000E+0	40.6246E-9
97.7500E+0	-134.000E+0	33.8744E-9	30.6800E+3	97.7500E+0	40.6293E-9
97.8000E+0	-134.000E+0	33.8814E-9	31.1233E+3	97.8000E+0	40.6340E-9
97.8500E+0	-134.000E+0	33.8788E-9	30.8833E+3	97.8500E+0	40.6392E-9
97.9000E+0	-134.000E+0	33.8841E-9	30.5867E+3	97.9000E+0	40.6409E-9
97.9500E+0	-134.000E+0	33.8821E-9	30.9500E+3	97.9500E+0	40.6371E-9
98.0000E+0	-134.000E+0	33.8738E-9	31.5433E+3	98.0000E+0	40.6247E-9
98.0500E+0	-134.000E+0	33.8703E-9	31.8967E+3	98.0500E+0	40.6264E-9
98.1000E+0	-134.000E+0	33.8928E-9	30.8933E+3	98.1000E+0	40.6499E-9
98.1500E+0	-134.000E+0	33.8906E-9	30.8700E+3	98.1500E+0	40.6505E-9
98.2000E+0	-134.000E+0	33.8818E-9	30.4933E+3	98.2000E+0	40.6412E-9
98.2500E+0	-134.000E+0	33.9002E-9	31.4933E+3	98.2500E+0	40.6577E-9
98.3000E+0	-134.000E+0	33.9365E-9	31.2867E+3	98.3000E+0	40.7029E-9
98.3500E+0	-134.000E+0	33.9257E-9	31.5200E+3	98.3500E+0	40.6894E-9
98.4000E+0	-134.000E+0	33.8778E-9	33.2033E+3	98.4000E+0	40.6339E-9
98.4500E+0	-134.000E+0	33.8647E-9	31.0333E+3	98.4500E+0	40.6188E-9
98.5000E+0	-134.000E+0	33.8756E-9	32.6733E+3	98.5000E+0	40.6347E-9
98.5500E+0	-134.000E+0	33.8859E-9	30.7967E+3	98.5500E+0	40.6496E-9
98.6000E+0	-134.000E+0	33.8978E-9	32.9867E+3	98.6000E+0	40.6586E-9
98.6500E+0	-134.000E+0	33.8821E-9	33.6367E+3	98.6500E+0	40.6422E-9
98.7000E+0	-134.000E+0	33.9290E-9	32.5000E+3	98.7000E+0	40.6918E-9
98.7500E+0	-134.000E+0	33.9059E-9	31.1033E+3	98.7500E+0	40.6701E-9
98.8000E+0	-134.000E+0	33.9619E-9	31.7633E+3	98.8000E+0	40.7342E-9
98.8500E+0	-134.000E+0	33.9388E-9	31.7767E+3	98.8500E+0	40.7070E-9
98.9000E+0	-134.000E+0	33.9484E-9	30.2467E+3	98.9000E+0	40.7192E-9
98.9500E+0	-134.000E+0	33.9467E-9	29.9100E+3	98.9500E+0	40.7159E-9
99.0000E+0	-134.000E+0	33.9476E-9	32.1467E+3	99.0000E+0	40.7159E-9
99.0500E+0	-134.000E+0	33.9629E-9	31.3000E+3	99.0500E+0	40.7361E-9
99.1000E+0	-134.000E+0	33.9403E-9	31.1433E+3	99.1000E+0	40.7069E-9
99.1500E+0	-134.000E+0	33.9506E-9	31.4000E+3	99.1500E+0	40.7190E-9
99.2000E+0	-134.000E+0	33.9608E-9	34.1400E+3	99.2000E+0	40.7323E-9
99.2500E+0	-134.000E+0	33.9384E-9	31.3033E+3	99.2500E+0	40.7050E-9
99.3000E+0	-134.000E+0	33.8623E-9	31.8900E+3	99.3000E+0	40.6195E-9
99.3500E+0	-134.000E+0	33.9017E-9	31.3233E+3	99.3500E+0	40.6637E-9
99.4000E+0	-134.000E+0	33.9081E-9	31.6500E+3	99.4000E+0	40.6708E-9
99.4500E+0	-134.000E+0	33.9156E-9	30.4633E+3	99.4500E+0	40.6807E-9
99.5000E+0	-134.000E+0	33.9227E-9	30.5933E+3	99.5000E+0	40.6835E-9
99.5500E+0	-134.000E+0	33.9228E-9	31.5967E+3	99.5500E+0	40.6868E-9
99.6000E+0	-134.000E+0	33.9161E-9	31.0467E+3	99.6000E+0	40.6803E-9
99.6500E+0	-134.000E+0	33.8794E-9	31.1300E+3	99.6500E+0	40.6333E-9
99.7000E+0	-134.000E+0	33.8542E-9	31.6033E+3	99.7000E+0	40.6054E-9
99.7500E+0	-134.000E+0	33.7296E-9	30.5833E+3	99.7500E+0	40.4553E-9
99.8000E+0	-134.000E+0	33.7477E-9	30.6600E+3	99.8000E+0	40.4794E-9
99.8500E+0	-134.000E+0	33.7172E-9	31.2067E+3	99.8500E+0	40.4465E-9
99.9000E+0	-134.000E+0	33.8835E-9	30.6967E+3	99.9000E+0	40.6452E-9
99.9500E+0	-134.000E+0	33.7450E-9	30.9333E+3	99.9500E+0	40.4789E-9
100.000E+0	-134.000E+0	33.7575E-9	30.3200E+3	100.000E+0	40.4889E-9
100.050E+0	-134.000E+0	33.7830E-9	30.3400E+3	100.050E+0	40.5263E-9
100.100E+0	-134.000E+0	33.9325E-9	29.7633E+3	100.100E+0	40.6934E-9
100.150E+0	-134.000E+0	33.9224E-9	31.0900E+3	100.150E+0	40.6864E-9
100.200E+0	-134.000E+0	33.8906E-9	28.3200E+3	100.200E+0	40.6425E-9
100.250E+0	-134.000E+0	33.9180E-9	28.6333E+3	100.250E+0	40.6781E-9
100.300E+0	-134.000E+0	33.8918E-9	30.6933E+3	100.300E+0	40.6518E-9
100.350E+0	-134.000E+0	33.8962E-9	31.4467E+3	100.350E+0	40.6575E-9
100.400E+0	-134.000E+0	33.9193E-9	29.8967E+3	100.400E+0	40.6872E-9
100.450E+0	-134.000E+0	33.8724E-9	30.8867E+3	100.450E+0	40.6224E-9
100.500E+0	-134.000E+0	33.8720E-9	28.8467E+3	100.500E+0	40.6270E-9
100.550E+0	-134.000E+0	33.9236E-9	30.3600E+3	100.550E+0	40.6876E-9
100.600E+0	-134.000E+0	33.8842E-9	28.7700E+3	100.600E+0	40.6420E-9
100.650E+0	-134.000E+0	33.8991E-9	28.9967E+3	100.650E+0	40.6576E-9
100.700E+0	-134.000E+0	33.8692E-9	29.6667E+3	100.700E+0	40.6204E-9
100.750E+0	-134.000E+0	33.9154E-9	28.4900E+3	100.750E+0	40.6767E-9
100.800E+0	-134.000E+0	33.9165E-9	30.5533E+3	100.800E+0	40.6770E-9
100.850E+0	-134.000E+0	33.9010E-9	29.0367E+3	100.850E+0	40.6638E-9
100.900E+0	-134.000E+0	33.9448E-9	26.0267E+3	100.900E+0	40.7115E-9
100.950E+0	-134.000E+0	33.9539E-9	27.5967E+3	100.950E+0	40.7215E-9
101.000E+0	-134.000E+0	33.9303E-9	28.3000E+3	101.000E+0	40.6916E-9
101.050E+0	-134.000E+0	33.9478E-9	28.1667E+3	101.050E+0	40.7149E-9
101.100E+0	-134.000E+0	33.9186E-9	28.0367E+3	101.100E+0	40.6802E-9
101.150E+0	-134.000E+0	33.9263E-9	28.1533E+3	101.150E+0	40.6915E-9
101.200E+0	-134.000E+0	33.9164E-9	25.6800E+3	101.200E+0	40.6795E-9
101.250E+0	-134.000E+0	33.9124E-9	26.9967E+3	101.250E+0	40.6734E-9
101.300E+0	-134.000E+0	33.9101E-9	26.2933E+3	101.300E+0	40.6774E-9
101.350E+0	-134.000E+0	33.9231E-9	25.5200E+3	101.350E+0	40.6884E-9
101.400E+0	-134.000E+0	33.9240E-9	25.8867E+3	101.400E+0	40.6878E-9
101.450E+0	-134.000E+0	33.9496E-9	26.7733E+3	101.450E+0	40.7162E-9
101.500E+0	-134.000E+0	33.9227E-9	26.7500E+3	101.500E+0	40.6885E-9
101.550E+0	-134.000E+0	33.9038E-9	26.4367E+3	101.550E+0	40.6608E-9
101.600E+0	-134.000E+0	33.9147E-9	24.7667E+3	101.600E+0	40.6782E-9
101.650E+0	-134.000E+0	33.8874E-9	25.8033E+3	101.650E+0	40.6457E-9
101.700E+0	-134.000E+0	33.9343E-9	25.0600E+3	101.700E+0	40.6990E-9
101.750E+0	-134.000E+0	33.9325E-9	25.1567E+3	101.750E+0	40.6997E-9
101.800E+0	-134.000E+0	33.9470E-9	24.7133E+3	101.800E+0	40.7148E-9
101.850E+0	-134.000E+0	33.9432E-9	24.3800E+3	101.850E+0	40.7107E-9
101.900E+0	-134.000E+0	33.9320E-9	26.7600E+3	101.900E+0	40.6936E-9
101.950E+0	-134.000E+0	33.9103E-9	24.6833E+3	101.950E+0	40.6704E-9
102.000E+0	-134.000E+0	33.8731E-9	24.2567E+3	102.000E+0	40.6228E-9
102.050E+0	-134.000E+0	33.9119E-9	25.1367E+3	102.050E+0	40.6715E-9
102.100E+0	-134.000E+0	33.8011E-9	23.6367E+3	102.100E+0	40.5369E-9
102.150E+0	-134.000E+0	33.9044E-9	22.2033E+3	102.150E+0	40.6599E-9
102.200E+0	-134.000E+0	33.9168E-9	23.0600E+3	102.200E+0	40.6742E-9
102.250E+0	-134.000E+0	33.9009E-9	22.5600E+3	102.250E+0	40.6576E-9
102.300E+0	-134.000E+0	33.9266E-9	23.5233E+3	102.300E+0	40.6874E-9
102.350E+0	-134.000E+0	33.9172E-9	24.9167E+3	102.350E+0	40.6736E-9
102.400E+0	-134.000E+0	33.8722E-9	23.3533E+3	102.400E+0	40.6222E-9
102.450E+0	-134.000E+0	33.9247E-9	22.8133E+3	102.450E+0	40.6837E-9
102.500E+0	-134.000E+0	33.9312E-9	24.7133E+3	102.500E+0	40.6943E-9
102.550E+0	-134.000E+0	33.7326E-9	22.7600E+3	102.550E+0	40.4547E-9
102.600E+0	-134.000E+0	33.7795E-9	21.9133E+3	102.600E+0	40.5124E-9
102.650E+0	-134.000E+0	33.7626E-9	21.6367E+3	102.650E+0	40.4923E-9
102.700E+0	-134.000E+0	33.8555E-9	23.3067E+3	102.700E+0	40.6063E-9
102.750E+0	-134.000E+0	33.7474E-9	21.8700E+3	102.750E+0	40.4763E-9
102.800E+0	-134.000E+0	33.7355E-9	22.7433E+3	102.800E+0	40.4617E-9
102.850E+0	-134.000E+0	33.7329E-9	20.6867E+3	102.850E+0	40.4573E-9
102.900E+0	-134.000E+0	33.7433E-9	22.5200E+3	102.900E+0	40.4697E-9
102.950E+0	-134.000E+0	33.7419E-9	22.1100E+3	102.950E+0	40.4726E-9
103.000E+0	-134.000E+0	33.7377E-9	18.5967E+3	103.000E+0	40.4664E-9
103.050E+0	-134.000E+0	33.8623E-9	21.0067E+3	103.050E+0	40.6123E-9
103.100E+0	-134.000E+0	33.8726E-9	20.9867E+3	103.100E+0	40.6238E-9
103.150E+0	-134.000E+0	33.8738E-9	20.6800E+3	103.150E+0	40.6286E-9
103.200E+0	-134.000E+0	33.8413E-9	22.1533E+3	103.200E+0	40.5837E-9
103.250E+0	-134.000E+0	33.8133E-9	19.2833E+3	103.250E+0	40.5549E-9
103.300E+0	-134.000E+0	33.7306E-9	20.5800E+3	103.300E+0	40.4536E-9
103.350E+0	-134.000E+0	33.8804E-9	20.2233E+3	103.350E+0	40.6315E-9
103.400E+0	-134.000E+0	33.8602E-9	21.2533E+3	103.400E+0	40.6105E-9
103.450E+0	-134.000E+0	33.7159E-9	17.9800E+3	103.450E+0	40.4413E-9
103.500E+0	-134.000E+0	33.7638E-9	20.6267E+3	103.500E+0	40.4991E-9
103.550E+0	-134.000E+0	33.7651E-9	17.7900E+3	103.550E+0	40.4959E-9
103.600E+0	-134.000E+0	33.7723E-9	18.2667E+3	103.600E+0	40.5022E-9
103.650E+0	-134.000E+0	33.8564E-9	18.9867E+3	103.650E+0	40.6053E-9
103.700E+0	-134.000E+0	33.8429E-9	19.7133E+3	103.700E+0	40.5888E-9
103.750E+0	-134.000E+0	33.8999E-9	17.9133E+3	103.750E+0	40.6576E-9
103.800E+0	-134.000E+0	33.8000E-9	19.1567E+3	103.800E+0	40.5436E-9
103.850E+0	-134.000E+0	33.8975E-9	19.0133E+3	103.850E+0	40.6570E-9
103.900E+0	-134.000E+0	33.8714E-9	20.1633E+3	103.900E+0	40.6236E-9
103.950E+0	-134.000E+0	33.9106E-9	18.0700E+3	103.950E+0	40.6674E-9
104.000E+0	-134.000E+0	33.7737E-9	19.1200E+3	104.000E+0	40.5092E-9
104.050E+0	-134.000E+0	33.7530E-9	18.2367E+3	104.050E+0	40.4815E-9
104.100E+0	-134.000E+0	33.7865E-9	17.1867E+3	104.100E+0	40.5256E-9
104.150E+0	-134.000E+0	33.7573E-9	17.0933E+3	104.150E+0	40.4899E-9
104.200E+0	-134.000E+0	33.7957E-9	17.8067E+3	104.200E+0	40.5320E-9
104.250E+0	-134.000E+0	33.7998E-9	17.4567E+3	104.250E+0	40.5399E-9
104.300E+0	-134.000E+0	33.8294E-9	18.5367E+3	104.300E+0	40.5772E-9
104.350E+0	-134.000E+0	33.9436E-9	18.0300E+3	104.350E+0	40.7101E-9
104.400E+0	-134.000E+0	33.9294E-9	17.3200E+3	104.400E+0	40.6915E-9
104.450E+0	-134.000E+0	33.9019E-9	16.4167E+3	104.450E+0	40.6638E-9
104.500E+0	-134.000E+0	33.7712E-9	17.1800E+3	104.500E+0	40.5069E-9
104.550E+0	-134.000E+0	33.9072E-9	16.9567E+3	104.550E+0	40.6704E-9
104.600E+0	-134.000E+0	33.8059E-9	17.5233E+3	104.600E+0	40.5464E-9
104.650E+0	-134.000E+0	33.9022E-9	15.2200E+3	104.650E+0	40.6654E-9
104.700E+0	-134.000E+0	33.9092E-9	17.0000E+3	104.700E+0	40.6699E-9
104.750E+0	-134.000E+0	33.9216E-9	16.7500E+3	104.750E+0	40.6847E-9
104.800E+0	-134.000E+0	33.8978E-9	17.5400E+3	104.800E+0	40.6535E-9
104.850E+0	-134.000E+0	33.8962E-9	15.6900E+3	104.850E+0	40.6589E-9
104.900E+0	-134.000E+0	33.9239E-9	16.0567E+3	104.900E+0	40.6850E-9
104.950E+0	-134.000E+0	33.9125E-9	15.9900E+3	104.950E+0	40.6730E-9
105.000E+0	-134.000E+0	33.8991E-9	15.3533E+3	105.000E+0	40.6570E-9
105.050E+0	-134.000E+0	33.9310E-9	15.8567E+3	105.050E+0	40.6940E-9
105.100E+0	-134.000E+0	33.7929E-9	15.3300E+3	105.100E+0	40.5299E-9
105.150E+0	-134.000E+0	33.9035E-9	14.8833E+3	105.150E+0	40.6623E-9
105.200E+0	-134.000E+0	33.8884E-9	15.1000E+3	105.200E+0	40.6424E-9
105.250E+0	-134.000E+0	33.9239E-9	14.9733E+3	105.250E+0	40.6802E-9
105.300E+0	-134.000E+0	33.8500E-9	15.1700E+3	105.300E+0	40.5946E-9
105.350E+0	-134.000E+0	33.9351E-9	14.6933E+3	105.350E+0	40.7001E-9
105.400E+0	-134.000E+0	33.9299E-9	16.6267E+3	105.400E+0	40.6939E-9
105.450E+0	-134.000E+0	33.9155E-9	14.6267E+3	105.450E+0	40.6728E-9
105.500E+0	-134.000E+0	33.9044E-9	14.1867E+3	105.500E+0	40.6624E-9
105.550E+0	-134.000E+0	33.9201E-9	15.2833E+3	105.550E+0	40.6792E-9
105.600E+0	-134.000E+0	33.8622E-9	14.9133E+3	105.600E+0	40.6085E-9
105.650E+0	-134.000E+0	33.8545E-9	13.8600E+3	105.650E+0	40.5995E-9
105.700E+0	-134.000E+0	33.8794E-9	15.2600E+3	105.700E+0	40.6273E-9
105.750E+0	-134.000E+0	33.8104E-9	14.3200E+3	105.750E+0	40.5503E-9
105.800E+0	-134.000E+0	33.9174E-9	14.6467E+3	105.800E+0	40.6806E-9
105.850E+0	-134.000E+0	33.9607E-9	12.3033E+3	105.850E+0	40.7277E-9
105.900E+0	-134.000E+0	33.9561E-9	12.9733E+3	105.900E+0	40.7192E-9
105.950E+0	-134.000E+0	33.9773E-9	13.8033E+3	105.950E+0	40.7398E-9
106.000E+0	-134.000E+0	33.9122E-9	13.4633E+3	106.000E+0	40.6693E-9
106.050E+0	-134.000E+0	33.9564E-9	14.3967E+3	106.050E+0	40.7238E-9
106.100E+0	-134.000E+0	33.9551E-9	14.4067E+3	106.100E+0	40.7192E-9
106.150E+0	-134.000E+0	33.8944E-9	15.2133E+3	106.150E+0	40.6505E-9
106.200E+0	-134.000E+0	33.8922E-9	13.6000E+3	106.200E+0	40.6508E-9
106.250E+0	-134.000E+0	33.8694E-9	13.8033E+3	106.250E+0	40.6189E-9
106.300E+0	-134.000E+0	33.8661E-9	12.9233E+3	106.300E+0	40.6135E-9
106.350E+0	-134.000E+0	33.8349E-9	12.5267E+3	106.350E+0	40.5811E-9
106.400E+0	-134.000E+0	33.7187E-9	11.7333E+3	106.400E+0	40.4422E-9
106.450E+0	-134.000E+0	33.7820E-9	13.1100E+3	106.450E+0	40.5190E-9
106.500E+0	-134.000E+0	33.8654E-9	13.5233E+3	106.500E+0	40.6190E-9
106.550E+0	-134.000E+0	33.8047E-9	13.4900E+3	106.550E+0	40.5469E-9
106.600E+0	-134.000E+0	33.8487E-9	13.8467E+3	106.600E+0	40.5960E-9
106.650E+0	-134.000E+0	33.8883E-9	12.4400E+3	106.650E+0	40.6394E-9
106.700E+0	-134.000E+0	33.8614E-9	12.4300E+3	106.700E+0	40.6137E-9
106.750E+0	-134.000E+0	33.8949E-9	12.5900E+3	106.750E+0	40.6516E-9
106.800E+0	-134.000E+0	33.8382E-9	12.4400E+3	106.800E+0	40.5846E-9
106.850E+0	-134.000E+0	33.9005E-9	11.9700E+3	106.850E+0	40.6543E-9
106.900E+0	-134.000E+0	33.8716E-9	11.3633E+3	106.900E+0	40.6270E-9
106.950E+0	-134.000E+0	33.8854E-9	13.1933E+3	106.950E+0	40.6384E-9
107.000E+0	-134.000E+0	33.7956E-9	11.2933E+3	107.000E+0	40.5299E-9
107.050E+0	-134.000E+0	33.8997E-9	11.7233E+3	107.050E+0	40.6566E-9
107.100E+0	-134.000E+0	33.8816E-9	12.1933E+3	107.100E+0	40.6376E-9
107.150E+0	-134.000E+0	33.7212E-9	11.0200E+3	107.150E+0	40.4448E-9
107.200E+0	-134.000E+0	33.8464E-9	11.2700E+3	107.200E+0	40.5912E-9
107.250E+0	-134.000E+0	33.7459E-9	13.0400E+3	107.250E+0	40.4759E-9
107.300E+0	-134.000E+0	33.7304E-9	11.4067E+3	107.300E+0	40.4576E-9
107.350E+0	-134.000E+0	33.7149E-9	12.2633E+3	107.350E+0	40.4367E-9
107.400E+0	-134.000E+0	33.6917E-9	11.9000E+3	107.400E+0	40.4113E-9
107.450E+0	-134.000E+0	33.8260E-9	10.7433E+3	107.450E+0	40.5734E-9
107.500E+0	-134.000E+0	33.7059E-9	10.8933E+3	107.500E+0	40.4242E-9
107.550E+0	-134.000E+0	33.8282E-9	12.1000E+3	107.550E+0	40.5747E-9
107.600E+0	-134.000E+0	33.8418E-9	10.2533E+3	107.600E+0	40.5921E-9
107.650E+0	-134.000E+0	33.8555E-9	11.5400E+3	107.650E+0	40.6050E-9
107.700E+0	-134.000E+0	33.7384E-9	10.4600E+3	107.700E+0	40.4630E-9
107.750E+0	-134.000E+0	33.8432E-9	9.36333E+3	107.750E+0	40.5898E-9
107.800E+0	-134.000E+0	33.8572E-9	11.7100E+3	107.800E+0	40.6082E-9
107.850E+0	-134.000E+0	33.8299E-9	11.2900E+3	107.850E+0	40.5771E-9
107.900E+0	-134.000E+0	33.8332E-9	10.3400E+3	107.900E+0	40.5781E-9
107.950E+0	-134.000E+0	33.8328E-9	11.1933E+3	107.950E+0	40.5785E-9
108.000E+0	-134.000E+0	33.8252E-9	12.0100E+3	108.000E+0	40.5709E-9
108.050E+0	-134.000E+0	33.7183E-9	10.3000E+3	108.050E+0	40.4430E-9
108.100E+0	-134.000E+0	33.7369E-9	11.0233E+3	108.100E+0	40.4655E-9
108.150E+0	-134.000E+0	33.8365E-9	11.3133E+3	108.150E+0	40.5843E-9
108.200E+0	-134.000E+0	33.8166E-9	10.1033E+3	108.200E+0	40.5612E-9
108.250E+0	-134.000E+0	33.8226E-9	10.5833E+3	108.250E+0	40.5587E-9
108.300E+0	-134.000E+0	33.7525E-9	11.1533E+3	108.300E+0	40.4834E-9
108.350E+0	-134.000E+0	33.9031E-9	10.8367E+3	108.350E+0	40.6603E-9
108.400E+0	-134.000E+0	33.9803E-9	10.5567E+3	108.400E+0	40.7528E-9
108.450E+0	-134.000E+0	33.8967E-9	9.42000E+3	108.450E+0	40.6608E-9
108.500E+0	-134.000E+0	33.8908E-9	10.8367E+3	108.500E+0	40.6444E-9
108.550E+0	-134.000E+0	33.9930E-9	9.83667E+3	108.550E+0	40.7650E-9
108.600E+0	-134.000E+0	33.9006E-9	10.1000E+3	108.600E+0	40.6581E-9
108.650E+0	-134.000E+0	33.8577E-9	9.82667E+3	108.650E+0	40.6095E-9
108.700E+0	-134.000E+0	33.9999E-9	10.2200E+3	108.700E+0	40.7791E-9
108.750E+0	-134.000E+0	33.9057E-9	10.0033E+3	108.750E+0	40.6648E-9
108.800E+0	-134.000E+0	33.9885E-9	9.85333E+3	108.800E+0	40.7647E-9
108.850E+0	-134.000E+0	33.8729E-9	10.9100E+3	108.850E+0	40.6277E-9
108.900E+0	-134.000E+0	33.9634E-9	10.4167E+3	108.900E+0	40.7348E-9
108.950E+0	-134.000E+0	33.8656E-9	9.44667E+3	108.950E+0	40.6205E-9
109.000E+0	-134.000E+0	33.8696E-9	10.5900E+3	109.000E+0	40.6252E-9
109.050E+0	-134.000E+0	33.8810E-9	9.96333E+3	109.050E+0	40.6357E-9
109.100E+0	-134.000E+0	33.8760E-9	11.6167E+3	109.100E+0	40.6344E-9
109.150E+0	-134.000E+0	33.8901E-9	9.28000E+3	109.150E+0	40.6494E-9
109.200E+0	-134.000E+0	33.8592E-9	10.1067E+3	109.200E+0	40.6121E-9
109.250E+0	-134.000E+0	33.7506E-9	9.88667E+3	109.250E+0	40.4824E-9
109.300E+0	-134.000E+0	33.7574E-9	9.54667E+3	109.300E+0	40.4929E-9
109.350E+0	-134.000E+0	33.9080E-9	10.3933E+3	109.350E+0	40.6693E-9
109.400E+0	-134.000E+0	33.9347E-9	9.74667E+3	109.400E+0	40.7014E-9
109.450E+0	-134.000E+0	33.9636E-9	10.0967E+3	109.450E+0	40.7336E-9
109.500E+0	-134.000E+0	33.9931E-9	10.3267E+3	109.500E+0	40.7709E-9
109.550E+0	-134.000E+0	33.9728E-9	10.0867E+3	109.550E+0	40.7447E-9
109.600E+0	-134.000E+0	33.9717E-9	10.1467E+3	109.600E+0	40.7433E-9
109.650E+0	-134.000E+0	33.9581E-9	9.65000E+3	109.650E+0	40.7227E-9
109.700E+0	-134.000E+0	33.9460E-9	9.30333E+3	109.700E+0	40.7149E-9
109.750E+0	-134.000E+0	33.9583E-9	10.2467E+3	109.750E+0	40.7264E-9
109.800E+0	-134.000E+0	33.9906E-9	8.79000E+3	109.800E+0	40.7637E-9
109.850E+0	-134.000E+0	33.8067E-9	11.0900E+3	109.850E+0	40.5477E-9
109.900E+0	-134.000E+0	33.9530E-9	9.24000E+3	109.900E+0	40.7232E-9
109.950E+0	-134.000E+0	33.9516E-9	10.2533E+3	109.950E+0	40.7169E-9
110.000E+0	-134.000E+0	33.9623E-9	9.92333E+3	110.000E+0	40.7321E-9
110.050E+0	-134.000E+0	33.9743E-9	11.4967E+3	110.050E+0	40.7419E-9
110.100E+0	-134.000E+0	33.9672E-9	9.46333E+3	110.100E+0	40.7355E-9
110.150E+0	-134.000E+0	33.9416E-9	9.29333E+3	110.150E+0	40.7021E-9
110.200E+0	-134.000E+0	33.9387E-9	9.68000E+3	110.200E+0	40.6990E-9
110.250E+0	-134.000E+0	33.9588E-9	10.4433E+3	110.250E+0	40.7270E-9
110.300E+0	-134.000E+0	33.9812E-9	9.34333E+3	110.300E+0	40.7531E-9
110.350E+0	-134.000E+0	33.9404E-9	10.7367E+3	110.350E+0	40.7057E-9
110.400E+0	-134.000E+0	33.8878E-9	9.51000E+3	110.400E+0	40.6466E-9
110.450E+0	-134.000E+0	33.9480E-9	11.1100E+3	110.450E+0	40.7140E-9
110.500E+0	-134.000E+0	33.9192E-9	9.42333E+3	110.500E+0	40.6769E-9
110.550E+0	-134.000E+0	33.9873E-9	9.31333E+3	110.550E+0	40.7593E-9
110.600E+0	-134.000E+0	33.9893E-9	10.3367E+3	110.600E+0	40.7620E-9
110.650E+0	-134.000E+0	33.9433E-9	9.69333E+3	110.650E+0	40.7069E-9
110.700E+0	-134.000E+0	33.9617E-9	10.7567E+3	110.700E+0	40.7285E-9
110.750E+0	-134.000E+0	33.9432E-9	10.0300E+3	110.750E+0	40.7042E-9
110.800E+0	-134.000E+0	33.9569E-9	10.5100E+3	110.800E+0	40.7191E-9
110.850E+0	-134.000E+0	33.9680E-9	10.5567E+3	110.850E+0	40.7367E-9
110.900E+0	-134.000E+0	33.9628E-9	10.2633E+3	110.900E+0	40.7239E-9
110.950E+0	-134.000E+0	33.9445E-9	10.3667E+3	110.950E+0	40.7061E-9
111.000E+0	-134.000E+0	33.9608E-9	10.3900E+3	111.000E+0	40.7223E-9
111.050E+0	-134.000E+0	33.9593E-9	11.1933E+3	111.050E+0	40.7240E-9
111.100E+0	-134.000E+0	33.9695E-9	10.1233E+3	111.100E+0	40.7357E-9
111.150E+0	-134.000E+0	33.9639E-9	9.98333E+3	111.150E+0	40.7350E-9
111.200E+0	-134.000E+0	33.9377E-9	9.80667E+3	111.200E+0	40.6984E-9
111.250E+0	-134.000E+0	33.9464E-9	10.3367E+3	111.250E+0	40.7102E-9
111.300E+0	-134.000E+0	33.9254E-9	10.5800E+3	111.300E+0	40.6821E-9
111.350E+0	-134.000E+0	33.9198E-9	10.3233E+3	111.350E+0	40.6754E-9
111.400E+0	-134.000E+0	33.8973E-9	10.1600E+3	111.400E+0	40.6541E-9
111.450E+0	-134.000E+0	33.8634E-9	9.99333E+3	111.450E+0	40.6191E-9
111.500E+0	-134.000E+0	33.8574E-9	9.67667E+3	111.500E+0	40.6009E-9
111.550E+0	-134.000E+0	33.8838E-9	9.54000E+3	111.550E+0	40.6347E-9
111.600E+0	-134.000E+0	33.9050E-9	9.49333E+3	111.600E+0	40.6626E-9
111.650E+0	-134.000E+0	33.8871E-9	9.11333E+3	111.650E+0	40.6433E-9
111.700E+0	-134.000E+0	33.8661E-9	11.2267E+3	111.700E+0	40.6150E-9
111.750E+0	-134.000E+0	33.8943E-9	9.91667E+3	111.750E+0	40.6527E-9
111.800E+0	-134.000E+0	33.9276E-9	11.4167E+3	111.800E+0	40.6871E-9
111.850E+0	-134.000E+0	33.9746E-9	10.1300E+3	111.850E+0	40.7475E-9
111.900E+0	-134.000E+0	33.9505E-9	10.4133E+3	111.900E+0	40.7176E-9
111.950E+0	-134.000E+0	33.9736E-9	10.4800E+3	111.950E+0	40.7467E-9
112.000E+0	-134.000E+0	33.9705E-9	10.6267E+3	112.000E+0	40.7361E-9
112.050E+0	-134.000E+0	33.9780E-9	12.0800E+3	112.050E+0	40.7531E-9
112.100E+0	-134.000E+0	33.9679E-9	10.4567E+3	112.100E+0	40.7402E-9
112.150E+0	-134.000E+0	33.9819E-9	10.7700E+3	112.150E+0	40.7532E-9
112.200E+0	-134.000E+0	33.9712E-9	11.2433E+3	112.200E+0	40.7448E-9
112.250E+0	-134.000E+0	33.9592E-9	11.4600E+3	112.250E+0	40.7284E-9
112.300E+0	-134.000E+0	33.9571E-9	11.5367E+3	112.300E+0	40.7223E-9
112.350E+0	-134.000E+0	33.9415E-9	11.3300E+3	112.350E+0	40.7060E-9
112.400E+0	-134.000E+0	33.9183E-9	11.5767E+3	112.400E+0	40.6798E-9
112.450E+0	-134.000E+0	33.8591E-9	11.2700E+3	112.450E+0	40.6064E-9
112.500E+0	-134.000E+0	33.9181E-9	11.0067E+3	112.500E+0	40.6792E-9
112.550E+0	-134.000E+0	33.9616E-9	11.6533E+3	112.550E+0	40.7293E-9
112.600E+0	-134.000E+0	33.9246E-9	11.5400E+3	112.600E+0	40.6864E-9
112.650E+0	-134.000E+0	33.9315E-9	11.6733E+3	112.650E+0	40.6981E-9
112.700E+0	-134.000E+0	33.9586E-9	12.1133E+3	112.700E+0	40.7255E-9
112.750E+0	-134.000E+0	33.9471E-9	11.9933E+3	112.750E+0	40.7084E-9
112.800E+0	-134.000E+0	33.9613E-9	11.6467E+3	112.800E+0	40.7295E-9
112.850E+0	-134.000E+0	33.9346E-9	12.1400E+3	112.850E+0	40.6920E-9
112.900E+0	-134.000E+0	33.9040E-9	12.6233E+3	112.900E+0	40.6592E-9
112.950E+0	-134.000E+0	33.9476E-9	10.8733E+3	112.950E+0	40.7118E-9
113.000E+0	-134.000E+0	33.9650E-9	10.9900E+3	113.000E+0	40.7299E-9
113.050E+0	-134.000E+0	33.8770E-9	12.7200E+3	113.050E+0	40.6308E-9
113.100E+0	-134.000E+0	33.9792E-9	11.8733E+3	113.100E+0	40.7433E-9
113.150E+0	-134.000E+0	33.9758E-9	11.6033E+3	113.150E+0	40.7481E-9
113.200E+0	-134.000E+0	33.9686E-9	12.7067E+3	113.200E+0	40.7359E-9
113.250E+0	-134.000E+0	33.9682E-9	12.0500E+3	113.250E+0	40.7360E-9
113.300E+0	-134.000E+0	33.9612E-9	12.2700E+3	113.300E+0	40.7276E-9
113.350E+0	-134.000E+0	33.9149E-9	12.5067E+3	113.350E+0	40.6751E-9
113.400E+0	-134.000E+0	33.9735E-9	13.0300E+3	113.400E+0	40.7453E-9
113.450E+0	-134.000E+0	33.9731E-9	12.5133E+3	113.450E+0	40.7407E-9
113.500E+0	-134.000E+0	33.8944E-9	13.4533E+3	113.500E+0	40.6491E-9
113.550E+0	-134.000E+0	33.8878E-9	12.7967E+3	113.550E+0	40.6409E-9
113.600E+0	-134.000E+0	33.9134E-9	12.8767E+3	113.600E+0	40.6736E-9
113.650E+0	-134.000E+0	33.9238E-9	13.4433E+3	113.650E+0	40.6805E-9
113.700E+0	-134.000E+0	33.8560E-9	14.0000E+3	113.700E+0	40.6012E-9
113.750E+0	-134.000E+0	33.8488E-9	13.7833E+3	113.750E+0	40.5944E-9
113.800E+0	-134.000E+0	33.8189E-9	13.2633E+3	113.800E+0	40.5607E-9
113.850E+0	-134.000E+0	33.9111E-9	14.1067E+3	113.850E+0	40.6698E-9
113.900E+0	-134.000E+0	33.8984E-9	13.9833E+3	113.900E+0	40.6479E-9
113.950E+0	-134.000E+0	33.9193E-9	13.5433E+3	113.950E+0	40.6802E-9
114.000E+0	-134.000E+0	33.9031E-9	13.4733E+3	114.000E+0	40.6586E-9
114.050E+0	-134.000E+0	33.8958E-9	13.9433E+3	114.050E+0	40.6493E-9
114.100E+0	-134.000E+0	33.8881E-9	14.4233E+3	114.100E+0	40.6410E-9
114.150E+0	-134.000E+0	33.8782E-9	16.0067E+3	114.150E+0	40.6277E-9
114.200E+0	-134.000E+0	33.8647E-9	14.1167E+3	114.200E+0	40.6122E-9
114.250E+0	-134.000E+0	33.8668E-9	14.8367E+3	114.250E+0	40.6171E-9
114.300E+0	-134.000E+0	33.8114E-9	15.0633E+3	114.300E+0	40.5516E-9
114.350E+0	-134.000E+0	33.8937E-9	16.4467E+3	114.350E+0	40.6466E-9
114.400E+0	-134.000E+0	33.7451E-9	16.4467E+3	114.400E+0	40.4719E-9
114.450E+0	-134.000E+0	33.8412E-9	16.9667E+3	114.450E+0	40.5872E-9
114.500E+0	-134.000E+0	33.8298E-9	16.8267E+3	114.500E+0	40.5694E-9
114.550E+0	-134.000E+0	33.7444E-9	16.0333E+3	114.550E+0	40.4710E-9
114.600E+0	-134.000E+0	33.7417E-9	17.3967E+3	114.600E+0	40.4652E-9
114.650E+0	-134.000E+0	33.7020E-9	18.9533E+3	114.650E+0	40.4215E-9
114.700E+0	-134.000E+0	33.8142E-9	17.4933E+3	114.700E+0	40.5531E-9
114.750E+0	-134.000E+0	33.8417E-9	19.2567E+3	114.750E+0	40.5837E-9
114.800E+0	-134.000E+0	33.8802E-9	17.5267E+3	114.793E+0	40.6353E-9
114.850E+0	-134.000E+0	33.8781E-9	19.0167E+3	114.850E+0	40.6323E-9
114.900E+0	-134.000E+0	33.9210E-9	20.0467E+3	114.900E+0	40.6807E-9
114.950E+0	-134.000E+0	33.8279E-9	19.1800E+3	114.950E+0	40.5712E-9
115.000E+0	-134.000E+0	33.8470E-9	20.5833E+3	115.000E+0	40.5928E-9
115.050E+0	-134.000E+0	33.8495E-9	20.1767E+3	115.050E+0	40.5941E-9
115.100E+0	-134.000E+0	33.7526E-9	20.7667E+3	115.100E+0	40.4788E-9
115.150E+0	-134.000E+0	33.8413E-9	19.0600E+3	115.150E+0	40.5855E-9
115.200E+0	-134.000E+0	33.8885E-9	19.4600E+3	115.200E+0	40.6396E-9
115.250E+0	-134.000E+0	33.8807E-9	22.6033E+3	115.250E+0	40.6313E-9
115.300E+0	-134.000E+0	33.9030E-9	21.8533E+3	115.300E+0	40.6584E-9
115.350E+0	-134.000E+0	33.9213E-9	20.0667E+3	115.350E+0	40.6814E-9
115.400E+0	-134.000E+0	33.9065E-9	22.5233E+3	115.400E+0	40.6641E-9
115.450E+0	-134.000E+0	33.9319E-9	22.8067E+3	115.450E+0	40.6927E-9
115.500E+0	-134.000E+0	33.9358E-9	24.8267E+3	115.500E+0	40.6984E-9
115.550E+0	-134.000E+0	33.8792E-9	23.9200E+3	115.550E+0	40.6303E-9
115.600E+0	-134.000E+0	33.9155E-9	23.5800E+3	115.600E+0	40.6717E-9
115.650E+0	-134.000E+0	33.9105E-9	24.0233E+3	115.650E+0	40.6671E-9
115.700E+0	-134.000E+0	33.9429E-9	24.7433E+3	115.700E+0	40.7057E-9
115.750E+0	-134.000E+0	33.8924E-9	24.2600E+3	115.750E+0	40.6459E-9
115.800E+0	-134.000E+0	33.8956E-9	23.7767E+3	115.800E+0	40.6500E-9
115.850E+0	-134.000E+0	34.0062E-9	26.7867E+3	115.850E+0	40.7806E-9
115.900E+0	-134.000E+0	33.9706E-9	26.1067E+3	115.900E+0	40.7383E-9
115.950E+0	-134.000E+0	33.9514E-9	28.5600E+3	115.950E+0	40.7148E-9
116.000E+0	-134.000E+0	33.9667E-9	27.7100E+3	116.000E+0	40.7362E-9
116.050E+0	-134.000E+0	33.8398E-9	27.6000E+3	116.050E+0	40.5874E-9
116.100E+0	-134.000E+0	33.9732E-9	29.1100E+3	116.100E+0	40.7392E-9
116.150E+0	-134.000E+0	34.0143E-9	29.0100E+3	116.150E+0	40.7902E-9
116.200E+0	-134.000E+0	33.9225E-9	29.3133E+3	116.200E+0	40.6809E-9
116.250E+0	-134.000E+0	33.9125E-9	30.0133E+3	116.250E+0	40.6707E-9
116.300E+0	-134.000E+0	33.9830E-9	30.3333E+3	116.300E+0	40.7504E-9
116.350E+0	-134.000E+0	33.9110E-9	29.7867E+3	116.350E+0	40.6694E-9
116.400E+0	-134.000E+0	34.0157E-9	30.7133E+3	116.400E+0	40.7913E-9
116.450E+0	-134.000E+0	34.0800E-9	31.8600E+3	116.450E+0	40.8692E-9
116.500E+0	-134.000E+0	33.9987E-9	31.6800E+3	116.500E+0	40.7684E-9
116.550E+0	-134.000E+0	34.0124E-9	32.2233E+3	116.550E+0	40.7831E-9
116.600E+0	-134.000E+0	34.0331E-9	33.5933E+3	116.600E+0	40.8101E-9
116.650E+0	-134.000E+0	33.9481E-9	33.9667E+3	116.650E+0	40.7092E-9
116.700E+0	-134.000E+0	33.8458E-9	34.0400E+3	116.700E+0	40.5915E-9
116.750E+0	-134.000E+0	33.9773E-9	35.6500E+3	116.750E+0	40.7502E-9
116.800E+0	-134.000E+0	34.0659E-9	35.9100E+3	116.800E+0	40.8543E-9
116.850E+0	-134.000E+0	34.0706E-9	35.1033E+3	116.850E+0	40.8590E-9
116.900E+0	-134.000E+0	34.0293E-9	35.2567E+3	116.900E+0	40.8080E-9
116.950E+0	-134.000E+0	34.0434E-9	36.5567E+3	116.950E+0	40.8230E-9
117.000E+0	-134.000E+0	34.0754E-9	38.2033E+3	117.000E+0	40.8590E-9
117.050E+0	-134.000E+0	34.0940E-9	37.1867E+3	117.050E+0	40.8824E-9
117.100E+0	-134.000E+0	34.0871E-9	39.7267E+3	117.100E+0	40.8749E-9
117.150E+0	-134.000E+0	34.0188E-9	36.8700E+3	117.150E+0	40.7961E-9
117.200E+0	-134.000E+0	33.8979E-9	40.4367E+3	117.200E+0	40.6558E-9
117.250E+0	-134.000E+0	33.9432E-9	39.6800E+3	117.250E+0	40.7086E-9
117.300E+0	-134.000E+0	34.0390E-9	39.6867E+3	117.300E+0	40.8185E-9
117.350E+0	-134.000E+0	34.0397E-9	40.6033E+3	117.350E+0	40.8193E-9
117.400E+0	-134.000E+0	33.9913E-9	41.2467E+3	117.400E+0	40.7660E-9
117.450E+0	-134.000E+0	33.9646E-9	40.6333E+3	117.450E+0	40.7297E-9
117.500E+0	-134.000E+0	34.0220E-9	41.9467E+3	117.500E+0	40.7998E-9
117.550E+0	-134.000E+0	33.9775E-9	44.3967E+3	117.550E+0	40.7500E-9
117.600E+0	-134.000E+0	34.0232E-9	42.7767E+3	117.600E+0	40.8001E-9
117.650E+0	-134.000E+0	34.0202E-9	42.5533E+3	117.650E+0	40.8012E-9
117.700E+0	-134.000E+0	34.0528E-9	42.0400E+3	117.700E+0	40.8370E-9
117.750E+0	-134.000E+0	33.9503E-9	44.0300E+3	117.750E+0	40.7171E-9
117.800E+0	-134.000E+0	34.0031E-9	43.2500E+3	117.800E+0	40.7769E-9
117.850E+0	-134.000E+0	34.0402E-9	45.5867E+3	117.850E+0	40.8137E-9
117.900E+0	-134.000E+0	34.0400E-9	44.6233E+3	117.900E+0	40.8168E-9
117.950E+0	-134.000E+0	34.0288E-9	45.5200E+3	117.950E+0	40.8115E-9
118.000E+0	-134.000E+0	34.0264E-9	46.8933E+3	118.000E+0	40.8068E-9
118.050E+0	-134.000E+0	33.9960E-9	43.8167E+3	118.050E+0	40.7708E-9
118.100E+0	-134.000E+0	33.9771E-9	45.9500E+3	118.100E+0	40.7479E-9
118.150E+0	-134.000E+0	34.0205E-9	44.9433E+3	118.150E+0	40.7978E-9
118.200E+0	-134.000E+0	34.0467E-9	43.9033E+3	118.200E+0	40.8295E-9
118.250E+0	-134.000E+0	34.0541E-9	46.4300E+3	118.250E+0	40.8354E-9
118.300E+0	-134.000E+0	33.9882E-9	44.2533E+3	118.300E+0	40.7568E-9
118.350E+0	-134.000E+0	34.0255E-9	45.0167E+3	118.350E+0	40.7989E-9
118.400E+0	-134.000E+0	34.0351E-9	44.5467E+3	118.400E+0	40.8121E-9
118.450E+0	-134.000E+0	34.0275E-9	44.5133E+3	118.450E+0	40.8074E-9
118.500E+0	-134.000E+0	34.0373E-9	44.7700E+3	118.500E+0	40.8225E-9
118.550E+0	-134.000E+0	34.0304E-9	42.8333E+3	118.550E+0	40.8116E-9
118.600E+0	-134.000E+0	34.0048E-9	41.5867E+3	118.600E+0	40.7802E-9
118.650E+0	-134.000E+0	34.0268E-9	43.5633E+3	118.650E+0	40.8060E-9
118.700E+0	-134.000E+0	33.9399E-9	43.8200E+3	118.700E+0	40.7026E-9
118.750E+0	-134.000E+0	33.9892E-9	41.8167E+3	118.750E+0	40.7584E-9
118.800E+0	-134.000E+0	33.9492E-9	41.6967E+3	118.800E+0	40.7116E-9
118.850E+0	-134.000E+0	33.8992E-9	42.6633E+3	118.850E+0	40.6545E-9
118.900E+0	-134.000E+0	33.9434E-9	41.8867E+3	118.900E+0	40.7060E-9
118.950E+0	-134.000E+0	33.8643E-9	38.6067E+3	118.950E+0	40.6139E-9
119.000E+0	-134.000E+0	33.9622E-9	43.6033E+3	119.000E+0	40.7258E-9
119.050E+0	-134.000E+0	33.9284E-9	40.6600E+3	119.050E+0	40.6854E-9
119.100E+0	-134.000E+0	33.9466E-9	40.4133E+3	119.100E+0	40.7086E-9
119.150E+0	-134.000E+0	33.9397E-9	41.5267E+3	119.150E+0	40.7017E-9
119.200E+0	-134.000E+0	33.9378E-9	40.8200E+3	119.200E+0	40.7015E-9
119.250E+0	-134.000E+0	33.9307E-9	38.6767E+3	119.250E+0	40.6923E-9
119.300E+0	-134.000E+0	33.9251E-9	41.1333E+3	119.300E+0	40.6828E-9
119.350E+0	-134.000E+0	33.9560E-9	36.6700E+3	119.350E+0	40.7156E-9
119.400E+0	-134.000E+0	33.8726E-9	38.5033E+3	119.400E+0	40.6217E-9
119.450E+0	-134.000E+0	33.9986E-9	39.7533E+3	119.450E+0	40.7728E-9
119.500E+0	-134.000E+0	33.9492E-9	38.8133E+3	119.500E+0	40.7113E-9
119.550E+0	-134.000E+0	33.9869E-9	36.3433E+3	119.550E+0	40.7546E-9
119.600E+0	-134.000E+0	33.9485E-9	34.2833E+3	119.600E+0	40.7073E-9
119.650E+0	-134.000E+0	33.9906E-9	35.5433E+3	119.650E+0	40.7610E-9
119.700E+0	-134.000E+0	34.0118E-9	36.1633E+3	119.700E+0	40.7825E-9
119.750E+0	-134.000E+0	33.9898E-9	36.7400E+3	119.750E+0	40.7581E-9
119.800E+0	-134.000E+0	34.0149E-9	36.5867E+3	119.800E+0	40.7874E-9
119.850E+0	-134.000E+0	33.9619E-9	35.2800E+3	119.850E+0	40.7250E-9
119.900E+0	-134.000E+0	33.9539E-9	35.3967E+3	119.900E+0	40.7174E-9
119.950E+0	-134.000E+0	34.0244E-9	35.5833E+3	119.950E+0	40.7998E-9
120.000E+0	-134.000E+0	33.9049E-9	34.2033E+3	120.000E+0	40.6589E-9
120.050E+0	-134.000E+0	33.9721E-9	35.4400E+3	120.050E+0	40.7383E-9
120.100E+0	-134.000E+0	34.0046E-9	34.0600E+3	120.100E+0	40.7777E-9
120.150E+0	-134.000E+0	33.9674E-9	35.2500E+3	120.150E+0	40.7342E-9
120.200E+0	-134.000E+0	33.9306E-9	33.7133E+3	120.200E+0	40.6885E-9
120.250E+0	-134.000E+0	33.9965E-9	33.0833E+3	120.250E+0	40.7674E-9
120.300E+0	-134.000E+0	34.0056E-9	33.8467E+3	120.300E+0	40.7801E-9
120.350E+0	-134.000E+0	33.9640E-9	32.5800E+3	120.350E+0	40.7338E-9
120.400E+0	-134.000E+0	33.9248E-9	33.2400E+3	120.400E+0	40.6845E-9
120.450E+0	-134.000E+0	33.9710E-9	33.4033E+3	120.450E+0	40.7412E-9
120.500E+0	-134.000E+0	34.0117E-9	32.7467E+3	120.500E+0	40.7906E-9
120.550E+0	-134.000E+0	34.0781E-9	32.0967E+3	120.550E+0	40.8645E-9
120.600E+0	-134.000E+0	34.0432E-9	31.7933E+3	120.600E+0	40.8247E-9
120.650E+0	-134.000E+0	34.0108E-9	32.3467E+3	120.650E+0	40.7891E-9
120.700E+0	-134.000E+0	33.9248E-9	31.5967E+3	120.700E+0	40.6864E-9
120.750E+0	-134.000E+0	34.0278E-9	32.1033E+3	120.750E+0	40.8030E-9
120.800E+0	-134.000E+0	34.0660E-9	32.6533E+3	120.800E+0	40.8489E-9
120.850E+0	-134.000E+0	34.0610E-9	32.6967E+3	120.850E+0	40.8437E-9
120.900E+0	-134.000E+0	34.0507E-9	32.8967E+3	120.900E+0	40.8299E-9
120.950E+0	-134.000E+0	34.0551E-9	33.0167E+3	120.950E+0	40.8425E-9
121.000E+0	-134.000E+0	34.0381E-9	32.7833E+3	121.000E+0	40.8195E-9
121.050E+0	-134.000E+0	34.0195E-9	34.0933E+3	121.050E+0	40.7948E-9
121.100E+0	-134.000E+0	33.9984E-9	33.9533E+3	121.100E+0	40.7707E-9
121.150E+0	-134.000E+0	34.0035E-9	33.3600E+3	121.150E+0	40.7785E-9
121.200E+0	-134.000E+0	33.9985E-9	34.0367E+3	121.200E+0	40.7737E-9
121.250E+0	-134.000E+0	34.0224E-9	34.6567E+3	121.250E+0	40.8012E-9
121.300E+0	-134.000E+0	34.0187E-9	34.7433E+3	121.300E+0	40.7933E-9
121.350E+0	-134.000E+0	33.9966E-9	32.8767E+3	121.350E+0	40.7669E-9
121.400E+0	-134.000E+0	33.9839E-9	35.3000E+3	121.400E+0	40.7552E-9
121.450E+0	-134.000E+0	34.0277E-9	36.0067E+3	121.450E+0	40.8075E-9
121.500E+0	-134.000E+0	33.9934E-9	35.2633E+3	121.500E+0	40.7629E-9
121.550E+0	-134.000E+0	34.0354E-9	36.3900E+3	121.550E+0	40.8127E-9
121.600E+0	-134.000E+0	34.0336E-9	34.3300E+3	121.600E+0	40.8122E-9
121.650E+0	-134.000E+0	34.0219E-9	36.5600E+3	121.650E+0	40.7959E-9
121.700E+0	-134.000E+0	34.0656E-9	33.6900E+3	121.700E+0	40.8442E-9
121.750E+0	-134.000E+0	34.0572E-9	36.8667E+3	121.750E+0	40.8407E-9
121.800E+0	-134.000E+0	34.0043E-9	36.7633E+3	121.800E+0	40.7736E-9
121.850E+0	-134.000E+0	34.0678E-9	37.5100E+3	121.850E+0	40.8503E-9
121.900E+0	-134.000E+0	34.0500E-9	38.5033E+3	121.900E+0	40.8339E-9
121.950E+0	-134.000E+0	34.0287E-9	39.9400E+3	121.950E+0	40.8043E-9
122.000E+0	-134.000E+0	34.0555E-9	40.0600E+3	122.000E+0	40.8422E-9
122.050E+0	-134.000E+0	33.9811E-9	39.2633E+3	122.050E+0	40.7488E-9
122.100E+0	-134.000E+0	34.0169E-9	40.1733E+3	122.100E+0	40.7905E-9
122.150E+0	-134.000E+0	34.0533E-9	41.3667E+3	122.150E+0	40.8382E-9
122.200E+0	-134.000E+0	34.0578E-9	43.8600E+3	122.200E+0	40.8450E-9
122.250E+0	-134.000E+0	34.0733E-9	43.7200E+3	122.250E+0	40.8615E-9
122.300E+0	-134.000E+0	34.0658E-9	46.4667E+3	122.300E+0	40.8502E-9
122.350E+0	-134.000E+0	34.0570E-9	46.7767E+3	122.350E+0	40.8418E-9
122.400E+0	-134.000E+0	33.9877E-9	46.3800E+3	122.400E+0	40.7602E-9
122.450E+0	-134.000E+0	34.0296E-9	47.7833E+3	122.450E+0	40.8068E-9
122.500E+0	-134.000E+0	34.0109E-9	52.7567E+3	122.500E+0	40.7854E-9
122.550E+0	-134.000E+0	34.0085E-9	51.9900E+3	122.550E+0	40.7822E-9
122.600E+0	-134.000E+0	34.0051E-9	57.8633E+3	122.600E+0	40.7767E-9
122.650E+0	-134.000E+0	34.0054E-9	58.6067E+3	122.650E+0	40.7748E-9
122.700E+0	-134.000E+0	34.0024E-9	65.6267E+3	122.700E+0	40.7699E-9
122.750E+0	-134.000E+0	34.0295E-9	68.2700E+3	122.750E+0	40.8052E-9
122.800E+0	-134.000E+0	33.9769E-9	75.1500E+3	122.800E+0	40.7418E-9
122.850E+0	-134.000E+0	33.9774E-9	79.8967E+3	122.850E+0	40.7451E-9
122.900E+0	-134.000E+0	34.0455E-9	83.4933E+3	122.900E+0	40.8258E-9
122.950E+0	-134.000E+0	34.0067E-9	88.0000E+3	122.950E+0	40.7767E-9
123.000E+0	-134.000E+0	34.0371E-9	97.9400E+3	123.000E+0	40.8212E-9
123.050E+0	-134.000E+0	33.9460E-9	100.190E+3	123.050E+0	40.7045E-9
123.100E+0	-134.000E+0	33.9723E-9	113.940E+3	123.100E+0	40.7335E-9
123.150E+0	-134.000E+0	34.0816E-9	119.510E+3	123.150E+0	40.8674E-9
123.200E+0	-134.000E+0	34.0998E-9	132.293E+3	123.200E+0	40.8861E-9
123.250E+0	-134.000E+0	34.0141E-9	141.943E+3	123.250E+0	40.7880E-9
123.300E+0	-134.000E+0	34.1087E-9	150.050E+3	123.300E+0	40.8966E-9
123.350E+0	-134.000E+0	34.0110E-9	160.917E+3	123.350E+0	40.7828E-9
123.400E+0	-134.000E+0	34.0450E-9	174.523E+3	123.400E+0	40.8224E-9
123.450E+0	-134.000E+0	34.0334E-9	182.763E+3	123.450E+0	40.8056E-9
123.500E+0	-134.000E+0	33.9810E-9	192.767E+3	123.500E+0	40.7482E-9
123.550E+0	-134.000E+0	34.0044E-9	204.330E+3	123.550E+0	40.7750E-9
123.600E+0	-134.000E+0	34.0788E-9	218.093E+3	123.600E+0	40.8678E-9
123.650E+0	-134.000E+0	34.1045E-9	221.700E+3	123.650E+0	40.8961E-9
123.700E+0	-134.000E+0	34.0869E-9	237.143E+3	123.700E+0	40.8744E-9
123.750E+0	-134.000E+0	34.0328E-9	241.987E+3	123.750E+0	40.8103E-9
123.800E+0	-134.000E+0	34.0242E-9	252.577E+3	123.800E+0	40.8015E-9
123.850E+0	-134.000E+0	34.0360E-9	257.817E+3	123.850E+0	40.8144E-9
123.900E+0	-134.000E+0	34.0063E-9	266.683E+3	123.900E+0	40.7771E-9
123.950E+0	-134.000E+0	33.9188E-9	279.063E+3	123.950E+0	40.6775E-9
124.000E+0	-134.000E+0	34.0419E-9	291.097E+3	124.000E+0	40.8171E-9
124.050E+0	-134.000E+0	33.9454E-9	303.473E+3	124.050E+0	40.7033E-9
124.100E+0	-134.000E+0	34.0242E-9	313.573E+3	124.100E+0	40.7969E-9
124.150E+0	-134.000E+0	34.0285E-9	325.663E+3	124.150E+0	40.8037E-9
124.200E+0	-134.000E+0	34.0406E-9	345.690E+3	124.200E+0	40.8118E-9
124.250E+0	-134.000E+0	33.9595E-9	346.363E+3	124.250E+0	40.7261E-9
124.300E+0	-134.000E+0	34.0113E-9	366.457E+3	124.300E+0	40.7853E-9
124.350E+0	-134.000E+0	34.0542E-9	374.943E+3	124.350E+0	40.8327E-9
124.400E+0	-134.000E+0	34.0439E-9	383.040E+3	124.400E+0	40.8262E-9
124.450E+0	-134.000E+0	34.0494E-9	399.063E+3	124.450E+0	40.8254E-9
124.500E+0	-134.000E+0	34.0330E-9	407.617E+3	124.500E+0	40.8124E-9
124.550E+0	-134.000E+0	34.0300E-9	415.523E+3	124.550E+0	40.8058E-9
124.600E+0	-134.000E+0	34.0544E-9	423.743E+3	124.600E+0	40.8359E-9
124.650E+0	-134.000E+0	34.0404E-9	432.667E+3	124.650E+0	40.8204E-9
124.700E+0	-134.000E+0	33.9235E-9	434.650E+3	124.700E+0	40.6792E-9
124.750E+0	-134.000E+0	34.0497E-9	442.073E+3	124.750E+0	40.8301E-9
124.800E+0	-134.000E+0	34.0098E-9	442.370E+3	124.800E+0	40.7828E-9
124.850E+0	-134.000E+0	34.0435E-9	445.297E+3	124.850E+0	40.8193E-9
124.900E+0	-134.000E+0	34.0379E-9	452.773E+3	124.900E+0	40.8175E-9
124.950E+0	-134.000E+0	34.0276E-9	447.690E+3	124.950E+0	40.8013E-9
125.000E+0	-134.000E+0	34.0190E-9	449.417E+3	125.000E+0	40.7928E-9
125.050E+0	-134.000E+0	34.0316E-9	444.580E+3	125.050E+0	40.8068E-9
125.100E+0	-134.000E+0	34.0287E-9	441.747E+3	125.100E+0	40.8043E-9
125.150E+0	-134.000E+0	34.0310E-9	433.850E+3	125.150E+0	40.8082E-9
125.200E+0	-134.000E+0	34.0342E-9	435.537E+3	125.200E+0	40.8092E-9
125.250E+0	-134.000E+0	34.0567E-9	426.130E+3	125.250E+0	40.8347E-9
125.300E+0	-134.000E+0	34.0725E-9	415.943E+3	125.300E+0	40.8524E-9
125.350E+0	-134.000E+0	34.0090E-9	408.230E+3	125.350E+0	40.7816E-9
125.400E+0	-134.000E+0	34.0904E-9	400.687E+3	125.400E+0	40.8807E-9
125.450E+0	-134.000E+0	34.0037E-9	388.177E+3	125.450E+0	40.7738E-9
125.500E+0	-134.000E+0	34.1186E-9	373.180E+3	125.500E+0	40.9071E-9
125.550E+0	-134.000E+0	34.1112E-9	354.453E+3	125.550E+0	40.9031E-9
125.600E+0	-134.000E+0	34.0133E-9	342.337E+3	125.600E+0	40.7835E-9
125.650E+0	-134.000E+0	34.1030E-9	329.897E+3	125.650E+0	40.8922E-9
125.700E+0	-134.000E+0	33.9806E-9	303.120E+3	125.700E+0	40.7468E-9
125.750E+0	-134.000E+0	34.0987E-9	290.723E+3	125.750E+0	40.8881E-9
125.800E+0	-134.000E+0	33.9914E-9	265.600E+3	125.800E+0	40.7598E-9
125.850E+0	-134.000E+0	34.1073E-9	242.043E+3	125.850E+0	40.8981E-9
125.900E+0	-134.000E+0	34.0586E-9	219.507E+3	125.900E+0	40.8421E-9
125.950E+0	-134.000E+0	33.9808E-9	198.053E+3	125.950E+0	40.7501E-9
126.000E+0	-134.000E+0	33.9692E-9	172.410E+3	126.000E+0	40.7354E-9
126.050E+0	-134.000E+0	34.0414E-9	154.700E+3	126.050E+0	40.8191E-9
126.100E+0	-134.000E+0	34.0770E-9	134.487E+3	126.100E+0	40.8613E-9
126.150E+0	-134.000E+0	34.0841E-9	116.070E+3	126.150E+0	40.8709E-9
126.200E+0	-134.000E+0	34.0746E-9	98.2167E+3	126.200E+0	40.8616E-9
126.250E+0	-134.000E+0	34.0815E-9	81.0867E+3	126.250E+0	40.8683E-9
126.300E+0	-134.000E+0	34.0276E-9	68.5700E+3	126.300E+0	40.8020E-9
126.350E+0	-134.000E+0	34.0190E-9	56.7867E+3	126.350E+0	40.7933E-9
126.400E+0	-134.000E+0	34.0362E-9	47.0133E+3	126.400E+0	40.8115E-9
126.450E+0	-134.000E+0	34.0475E-9	38.3400E+3	126.450E+0	40.8268E-9
126.500E+0	-134.000E+0	34.0484E-9	30.7600E+3	126.500E+0	40.8284E-9
126.550E+0	-134.000E+0	33.9726E-9	24.3133E+3	126.550E+0	40.7366E-9
126.600E+0	-134.000E+0	34.0467E-9	20.2500E+3	126.600E+0	40.8235E-9
126.650E+0	-134.000E+0	34.0972E-9	15.9300E+3	126.650E+0	40.8832E-9
126.700E+0	-134.000E+0	33.9785E-9	13.6067E+3	126.700E+0	40.7444E-9
126.750E+0	-134.000E+0	34.0771E-9	9.62667E+3	126.750E+0	40.8584E-9
126.800E+0	-134.000E+0	34.0504E-9	7.77000E+3	126.800E+0	40.8309E-9
126.850E+0	-134.000E+0	34.0159E-9	4.53667E+3	126.850E+0	40.7900E-9
126.900E+0	-134.000E+0	33.9875E-9	3.35333E+3	126.900E+0	40.7576E-9
126.950E+0	-134.000E+0	34.0245E-9	2.06667E+3	126.950E+0	40.8006E-9
127.000E+0	-134.000E+0	33.8735E-9	1.49000E+3	127.000E+0	40.6227E-9
127.050E+0	-134.000E+0	33.9508E-9	990.000E+0	127.050E+0	40.7130E-9
127.100E+0	-134.000E+0	33.8596E-9	686.667E+0	127.100E+0	40.6086E-9
127.150E+0	-134.000E+0	33.9783E-9	436.667E+0	127.150E+0	40.7457E-9
127.200E+0	-134.000E+0	33.8382E-9	483.333E+0	127.200E+0	40.5788E-9
127.250E+0	-134.000E+0	33.9320E-9	323.333E+0	127.250E+0	40.6903E-9
127.300E+0	-134.000E+0	33.8529E-9	226.667E+0	127.300E+0	40.5999E-9
127.350E+0	-134.000E+0	33.8467E-9	230.000E+0	127.350E+0	40.5880E-9
127.400E+0	-134.000E+0	33.8563E-9	96.6667E+0	127.400E+0	40.6010E-9
127.450E+0	-134.000E+0	33.9338E-9	190.000E+0	127.450E+0	40.6948E-9
127.500E+0	-134.000E+0	35.7398E-9	126.667E+0	127.500E+0	42.8494E-9
127.550E+0	-134.000E+0	35.7412E-9	180.000E+0	127.550E+0	42.8569E-9
127.600E+0	-134.000E+0	35.7244E-9	90.0000E+0	127.600E+0	42.8306E-9
127.650E+0	-134.000E+0	35.7798E-9	106.667E+0	127.650E+0	42.9043E-9
127.700E+0	-134.000E+0	35.7760E-9	186.667E+0	127.700E+0	42.8945E-9
127.750E+0	-134.000E+0	35.7505E-9	120.000E+0	127.750E+0	42.8710E-9
127.800E+0	-134.000E+0	35.7340E-9	20.0000E+0	127.800E+0	42.8421E-9
127.850E+0	-134.000E+0	35.7412E-9	96.6667E+0	127.850E+0	42.8555E-9
127.900E+0	-134.000E+0	35.6628E-9	116.667E+0	127.900E+0	42.7600E-9
127.950E+0	-134.000E+0	35.6880E-9	6.66667E+0	127.950E+0	42.7913E-9
128.000E+0	-134.000E+0	35.6790E-9	13.3333E+0	128.000E+0	42.7832E-9
128.050E+0	-134.000E+0	35.7004E-9	30.0000E+0	128.050E+0	42.8108E-9
128.100E+0	-134.000E+0	35.6800E-9	33.3333E+0	128.100E+0	42.7815E-9
128.150E+0	-134.000E+0	35.7486E-9	10.0000E+0	128.150E+0	42.8631E-9
128.200E+0	-134.000E+0	35.6492E-9	0.00000E+0	128.200E+0	42.7458E-9
128.250E+0	-134.000E+0	35.6680E-9	0.00000E+0	128.250E+0	42.7658E-9
128.300E+0	-134.000E+0	35.6988E-9	60.0000E+0	128.300E+0	42.8074E-9
128.350E+0	-134.000E+0	35.6405E-9	40.0000E+0	128.350E+0	42.7366E-9
128.400E+0	-134.000E+0	35.6836E-9	33.3333E+0	128.400E+0	42.7857E-9
128.450E+0	-134.000E+0	35.7141E-9	6.66667E+0	128.450E+0	42.8314E-9
128.500E+0	-134.000E+0	35.7842E-9	33.3333E+0	128.500E+0	42.9088E-9
128.550E+0	-134.000E+0	35.7377E-9	0.00000E+0	128.550E+0	42.8511E-9
128.600E+0	-134.000E+0	35.7552E-9	0.00000E+0	128.600E+0	42.8717E-9
128.650E+0	-134.000E+0	35.7522E-9	0.00000E+0	128.650E+0	42.8688E-9
128.700E+0	-134.000E+0	35.7739E-9	0.00000E+0	128.700E+0	42.8947E-9
128.750E+0	-134.000E+0	35.7220E-9	0.00000E+0	128.750E+0	42.8288E-9
128.800E+0	-134.000E+0	35.7121E-9	0.00000E+0	128.800E+0	42.8192E-9
128.850E+0	-134.000E+0	35.7515E-9	0.00000E+0	128.850E+0	42.8632E-9
128.900E+0	-134.000E+0	35.7230E-9	56.6667E+0	128.900E+0	42.8334E-9
128.950E+0	-134.000E+0	35.6745E-9	20.0000E+0	128.950E+0	42.7768E-9
129.000E+0	-134.000E+0	35.7381E-9	0.00000E+0	129.000E+0	42.8531E-9
129.050E+0	-134.000E+0	35.7370E-9	0.00000E+0	129.050E+0	42.8500E-9
129.100E+0	-134.000E+0	35.6884E-9	0.00000E+0	129.100E+0	42.7943E-9
129.150E+0	-134.000E+0	35.7434E-9	0.00000E+0	129.150E+0	42.8592E-9
129.200E+0	-134.000E+0	35.7514E-9	26.6667E+0	129.200E+0	42.8682E-9
129.250E+0	-134.000E+0	35.7339E-9	0.00000E+0	129.250E+0	42.8437E-9
129.300E+0	-134.000E+0	35.7450E-9	0.00000E+0	129.300E+0	42.8575E-9
129.350E+0	-134.000E+0	35.7487E-9	0.00000E+0	129.350E+0	42.8640E-9
129.400E+0	-134.000E+0	35.7390E-9	0.00000E+0	129.400E+0	42.8545E-9
129.450E+0	-134.000E+0	35.7365E-9	0.00000E+0	129.450E+0	42.8481E-9
129.500E+0	-134.000E+0	35.7199E-9	0.00000E+0	129.500E+0	42.8317E-9
129.550E+0	-134.000E+0	35.7293E-9	0.00000E+0	129.550E+0	42.8430E-9
129.600E+0	-134.000E+0	35.7279E-9	0.00000E+0	129.600E+0	42.8399E-9
129.650E+0	-134.000E+0	35.7337E-9	0.00000E+0	129.650E+0	42.8461E-9
129.700E+0	-134.000E+0	35.7206E-9	0.00000E+0	129.700E+0	42.8330E-9
129.750E+0	-134.000E+0	35.7342E-9	0.00000E+0	129.750E+0	42.8453E-9
129.800E+0	-134.000E+0	35.7649E-9	0.00000E+0	129.800E+0	42.8871E-9
129.850E+0	-134.000E+0	35.7484E-9	0.00000E+0	129.850E+0	42.8664E-9
129.900E+0	-134.000E+0	35.7417E-9	0.00000E+0	129.900E+0	42.8598E-9
129.950E+0	-134.000E+0	35.7910E-9	0.00000E+0	129.950E+0	42.9145E-9
130.000E+0	-134.000E+0	35.7903E-9	0.00000E+0	130.000E+0	42.9133E-9
