Experiment	Sweep	
Date	30.09.2022 15:44:59	
User		
X (m)	0.000000E+0	
Y (m)	0.000000E+0	
Comment01	FWD, plasmons, Vtip = -138. xyz default, #2	

[DATA]
BB Back Bias (V)	Bias (V)	Current (A)	BBX (Hz)	BB Back Bias (V)	Tip Current (A)
86.0000E+0	-138.000E+0	53.3523E-9	3.81333E+3	86.0000E+0	64.0999E-9
86.0500E+0	-138.000E+0	53.3982E-9	4.86667E+3	86.0500E+0	64.1585E-9
86.1000E+0	-138.000E+0	53.4636E-9	4.63667E+3	86.1000E+0	64.2349E-9
86.1500E+0	-138.000E+0	53.4943E-9	3.80667E+3	86.1500E+0	64.2738E-9
86.2000E+0	-138.000E+0	53.4498E-9	4.19000E+3	86.2000E+0	64.2163E-9
86.2500E+0	-138.000E+0	53.3879E-9	4.29000E+3	86.2500E+0	64.1408E-9
86.3000E+0	-138.000E+0	53.4236E-9	3.85333E+3	86.3000E+0	64.1874E-9
86.3500E+0	-138.000E+0	53.4277E-9	3.85667E+3	86.3500E+0	64.1880E-9
86.4000E+0	-138.000E+0	53.5528E-9	3.72333E+3	86.4000E+0	64.3378E-9
86.4500E+0	-138.000E+0	53.4942E-9	4.77333E+3	86.4500E+0	64.2685E-9
86.5000E+0	-138.000E+0	53.4990E-9	4.02667E+3	86.5000E+0	64.2726E-9
86.5500E+0	-138.000E+0	53.4373E-9	3.91000E+3	86.5500E+0	64.2001E-9
86.6000E+0	-138.000E+0	53.4622E-9	4.06000E+3	86.6000E+0	64.2287E-9
86.6500E+0	-138.000E+0	53.4032E-9	3.73667E+3	86.6500E+0	64.1580E-9
86.7000E+0	-138.000E+0	53.4166E-9	3.82000E+3	86.7000E+0	64.1763E-9
86.7500E+0	-138.000E+0	53.4064E-9	4.20333E+3	86.7500E+0	64.1660E-9
86.8000E+0	-138.000E+0	53.3361E-9	4.22667E+3	86.8000E+0	64.0815E-9
86.8500E+0	-138.000E+0	53.6242E-9	4.10667E+3	86.8500E+0	64.4302E-9
86.9000E+0	-138.000E+0	53.6135E-9	4.21333E+3	86.9000E+0	64.4169E-9
86.9500E+0	-138.000E+0	53.4427E-9	3.96333E+3	86.9500E+0	64.2113E-9
87.0000E+0	-138.000E+0	53.5023E-9	3.60667E+3	87.0000E+0	64.2803E-9
87.0500E+0	-138.000E+0	53.4164E-9	4.16333E+3	87.0500E+0	64.1753E-9
87.1000E+0	-138.000E+0	53.5348E-9	3.67333E+3	87.1000E+0	64.3220E-9
87.1500E+0	-138.000E+0	53.4576E-9	3.80667E+3	87.1500E+0	64.2287E-9
87.2000E+0	-138.000E+0	53.3925E-9	4.20333E+3	87.2000E+0	64.1514E-9
87.2500E+0	-138.000E+0	53.4552E-9	4.55667E+3	87.2500E+0	64.2202E-9
87.3000E+0	-138.000E+0	53.3915E-9	4.37000E+3	87.3000E+0	64.1447E-9
87.3500E+0	-138.000E+0	53.4128E-9	4.10333E+3	87.3500E+0	64.1710E-9
87.4000E+0	-138.000E+0	53.4469E-9	4.54000E+3	87.4000E+0	64.2105E-9
87.4500E+0	-138.000E+0	53.4619E-9	4.26000E+3	87.4500E+0	64.2354E-9
87.5000E+0	-138.000E+0	53.4415E-9	4.18333E+3	87.5000E+0	64.2077E-9
87.5500E+0	-138.000E+0	53.3682E-9	4.52000E+3	87.5500E+0	64.1219E-9
87.6000E+0	-138.000E+0	53.4561E-9	3.95000E+3	87.6000E+0	64.2252E-9
87.6500E+0	-138.000E+0	53.4602E-9	4.32000E+3	87.6500E+0	64.2327E-9
87.7000E+0	-138.000E+0	53.3732E-9	4.27000E+3	87.7000E+0	64.1250E-9
87.7500E+0	-138.000E+0	53.4913E-9	4.08333E+3	87.7500E+0	64.2661E-9
87.8000E+0	-138.000E+0	53.4167E-9	4.02667E+3	87.8000E+0	64.1791E-9
87.8500E+0	-138.000E+0	53.4945E-9	4.31000E+3	87.8500E+0	64.2732E-9
87.9000E+0	-138.000E+0	53.3740E-9	4.37333E+3	87.9000E+0	64.1247E-9
87.9500E+0	-138.000E+0	53.4488E-9	4.69000E+3	87.9500E+0	64.2188E-9
88.0000E+0	-138.000E+0	53.3944E-9	3.39000E+3	88.0000E+0	64.1545E-9
88.0500E+0	-138.000E+0	53.4119E-9	3.59667E+3	88.0500E+0	64.1689E-9
88.1000E+0	-138.000E+0	53.3086E-9	4.13333E+3	88.1000E+0	64.0474E-9
88.1500E+0	-138.000E+0	53.3942E-9	4.05000E+3	88.1500E+0	64.1554E-9
88.2000E+0	-138.000E+0	53.2846E-9	3.94000E+3	88.2000E+0	64.0162E-9
88.2500E+0	-138.000E+0	53.3963E-9	4.13667E+3	88.2500E+0	64.1507E-9
88.3000E+0	-138.000E+0	53.3371E-9	4.15667E+3	88.3000E+0	64.0763E-9
88.3500E+0	-138.000E+0	53.4119E-9	3.86667E+3	88.3500E+0	64.1700E-9
88.4000E+0	-138.000E+0	53.4406E-9	3.93333E+3	88.4000E+0	64.2058E-9
88.4500E+0	-138.000E+0	53.4400E-9	4.30667E+3	88.4500E+0	64.2093E-9
88.5000E+0	-138.000E+0	53.4231E-9	3.75667E+3	88.5000E+0	64.1849E-9
88.5500E+0	-138.000E+0	53.1364E-9	3.62667E+3	88.5500E+0	63.8313E-9
88.6000E+0	-138.000E+0	53.3186E-9	4.15667E+3	88.6000E+0	64.0571E-9
88.6500E+0	-138.000E+0	53.3559E-9	3.46000E+3	88.6500E+0	64.1007E-9
88.7000E+0	-138.000E+0	53.2818E-9	4.06333E+3	88.7000E+0	64.0140E-9
88.7500E+0	-138.000E+0	53.3728E-9	4.42333E+3	88.7500E+0	64.1240E-9
88.8000E+0	-138.000E+0	53.4541E-9	4.26333E+3	88.8000E+0	64.2219E-9
88.8500E+0	-138.000E+0	53.2734E-9	4.23667E+3	88.8500E+0	63.9982E-9
88.9000E+0	-138.000E+0	53.4712E-9	4.65333E+3	88.9000E+0	64.2426E-9
88.9500E+0	-138.000E+0	53.5443E-9	3.82000E+3	88.9500E+0	64.3336E-9
89.0000E+0	-138.000E+0	53.3779E-9	4.18000E+3	89.0000E+0	64.1311E-9
89.0500E+0	-138.000E+0	53.3452E-9	4.06667E+3	89.0500E+0	64.0939E-9
89.1000E+0	-138.000E+0	53.3207E-9	3.80000E+3	89.1000E+0	64.0595E-9
89.1500E+0	-138.000E+0	53.4490E-9	4.53667E+3	89.1500E+0	64.2149E-9
89.2000E+0	-138.000E+0	53.4304E-9	3.86000E+3	89.2000E+0	64.1884E-9
89.2500E+0	-138.000E+0	53.3872E-9	4.51333E+3	89.2500E+0	64.1415E-9
89.3000E+0	-138.000E+0	53.3179E-9	4.39667E+3	89.3000E+0	64.0563E-9
89.3500E+0	-138.000E+0	53.5005E-9	3.62333E+3	89.3500E+0	64.2785E-9
89.4000E+0	-138.000E+0	53.4352E-9	4.65333E+3	89.4000E+0	64.1976E-9
89.4500E+0	-138.000E+0	53.3656E-9	4.00000E+3	89.4500E+0	64.1164E-9
89.5000E+0	-138.000E+0	53.4794E-9	4.08667E+3	89.5000E+0	64.2547E-9
89.5500E+0	-138.000E+0	53.4889E-9	4.74667E+3	89.5500E+0	64.2636E-9
89.6000E+0	-138.000E+0	53.4655E-9	3.83333E+3	89.6000E+0	64.2371E-9
89.6500E+0	-138.000E+0	53.4350E-9	4.17000E+3	89.6500E+0	64.1983E-9
89.7000E+0	-138.000E+0	53.4118E-9	3.96667E+3	89.7000E+0	64.1743E-9
89.7500E+0	-138.000E+0	53.4330E-9	3.58333E+3	89.7500E+0	64.1987E-9
89.8000E+0	-138.000E+0	53.3111E-9	4.10000E+3	89.8000E+0	64.0511E-9
89.8500E+0	-138.000E+0	53.5766E-9	4.10000E+3	89.8500E+0	64.3717E-9
89.9000E+0	-138.000E+0	53.5484E-9	4.44667E+3	89.9000E+0	64.3434E-9
89.9500E+0	-138.000E+0	53.5014E-9	4.45333E+3	89.9500E+0	64.2809E-9
90.0000E+0	-138.000E+0	53.4511E-9	3.91000E+3	90.0000E+0	64.2187E-9
90.0500E+0	-138.000E+0	53.3428E-9	4.16000E+3	90.0500E+0	64.0892E-9
90.1000E+0	-138.000E+0	53.3563E-9	3.85000E+3	90.1000E+0	64.1021E-9
90.1500E+0	-138.000E+0	53.3213E-9	4.12000E+3	90.1500E+0	64.0585E-9
90.2000E+0	-138.000E+0	53.4509E-9	3.97667E+3	90.2000E+0	64.2159E-9
90.2500E+0	-138.000E+0	53.4542E-9	4.28333E+3	90.2500E+0	64.2201E-9
90.3000E+0	-138.000E+0	53.4903E-9	4.09667E+3	90.3000E+0	64.2666E-9
90.3500E+0	-138.000E+0	53.4324E-9	4.00667E+3	90.3500E+0	64.1979E-9
90.4000E+0	-138.000E+0	53.4831E-9	4.25000E+3	90.4000E+0	64.2574E-9
90.4500E+0	-138.000E+0	53.3424E-9	3.76667E+3	90.4500E+0	64.0845E-9
90.5000E+0	-138.000E+0	53.4810E-9	4.61667E+3	90.5000E+0	64.2532E-9
90.5500E+0	-138.000E+0	53.4050E-9	3.89667E+3	90.5500E+0	64.1621E-9
90.6000E+0	-138.000E+0	53.3857E-9	4.49333E+3	90.6000E+0	64.1349E-9
90.6500E+0	-138.000E+0	53.4642E-9	4.74667E+3	90.6500E+0	64.2335E-9
90.7000E+0	-138.000E+0	53.4439E-9	4.44333E+3	90.7000E+0	64.2077E-9
90.7500E+0	-138.000E+0	53.4079E-9	4.53333E+3	90.7500E+0	64.1669E-9
90.8000E+0	-138.000E+0	53.4212E-9	4.10333E+3	90.8000E+0	64.1848E-9
90.8500E+0	-138.000E+0	53.3820E-9	4.81000E+3	90.8500E+0	64.1354E-9
90.9000E+0	-138.000E+0	53.4709E-9	4.49000E+3	90.9000E+0	64.2481E-9
90.9500E+0	-138.000E+0	53.3827E-9	5.06667E+3	90.9500E+0	64.1381E-9
91.0000E+0	-138.000E+0	53.5027E-9	4.70333E+3	91.0000E+0	64.2809E-9
91.0500E+0	-138.000E+0	53.3991E-9	5.25000E+3	91.0500E+0	64.1576E-9
91.1000E+0	-138.000E+0	53.4702E-9	4.40000E+3	91.1000E+0	64.2425E-9
91.1500E+0	-138.000E+0	53.5520E-9	4.89667E+3	91.1500E+0	64.3387E-9
91.2000E+0	-138.000E+0	52.8862E-9	4.73000E+3	91.2000E+0	63.5233E-9
91.2500E+0	-138.000E+0	52.8581E-9	4.41333E+3	91.2500E+0	63.4932E-9
91.3000E+0	-138.000E+0	53.5396E-9	5.10333E+3	91.3000E+0	64.3256E-9
91.3500E+0	-138.000E+0	53.3229E-9	4.34000E+3	91.3500E+0	64.0628E-9
91.4000E+0	-138.000E+0	53.5043E-9	3.79333E+3	91.4000E+0	64.2823E-9
91.4500E+0	-138.000E+0	53.3266E-9	4.37667E+3	91.4500E+0	64.0664E-9
91.5000E+0	-138.000E+0	53.4086E-9	4.85667E+3	91.5000E+0	64.1666E-9
91.5500E+0	-138.000E+0	53.4361E-9	4.94000E+3	91.5500E+0	64.1979E-9
91.6000E+0	-138.000E+0	53.3850E-9	5.47000E+3	91.6000E+0	64.1362E-9
91.6500E+0	-138.000E+0	53.4465E-9	4.58667E+3	91.6500E+0	64.2150E-9
91.7000E+0	-138.000E+0	53.4535E-9	5.45333E+3	91.7000E+0	64.2226E-9
91.7500E+0	-138.000E+0	53.4727E-9	5.09667E+3	91.7500E+0	64.2441E-9
91.8000E+0	-138.000E+0	53.4354E-9	5.18333E+3	91.8000E+0	64.2035E-9
91.8500E+0	-138.000E+0	53.2807E-9	5.48000E+3	91.8500E+0	64.0133E-9
91.9000E+0	-138.000E+0	53.3192E-9	4.66667E+3	91.9000E+0	64.0555E-9
91.9500E+0	-138.000E+0	53.4146E-9	5.68000E+3	91.9500E+0	64.1714E-9
92.0000E+0	-138.000E+0	53.3820E-9	5.39667E+3	92.0000E+0	64.1354E-9
92.0500E+0	-138.000E+0	53.4121E-9	5.34000E+3	92.0500E+0	64.1698E-9
92.1000E+0	-138.000E+0	53.3429E-9	5.63667E+3	92.1000E+0	64.0896E-9
92.1500E+0	-138.000E+0	53.2595E-9	5.24667E+3	92.1500E+0	63.9859E-9
92.2000E+0	-138.000E+0	53.3882E-9	5.12333E+3	92.2000E+0	64.1382E-9
92.2500E+0	-138.000E+0	53.4155E-9	5.88000E+3	92.2500E+0	64.1723E-9
92.3000E+0	-138.000E+0	53.3401E-9	6.07000E+3	92.3000E+0	64.0827E-9
92.3500E+0	-138.000E+0	53.9693E-9	6.09000E+3	92.3500E+0	64.8420E-9
92.4000E+0	-138.000E+0	54.3743E-9	6.10000E+3	92.4000E+0	65.3263E-9
92.4500E+0	-138.000E+0	54.3767E-9	5.79333E+3	92.4500E+0	65.3303E-9
92.5000E+0	-138.000E+0	54.4237E-9	6.28667E+3	92.5000E+0	65.3872E-9
92.5500E+0	-138.000E+0	54.4208E-9	6.51333E+3	92.5500E+0	65.3828E-9
92.6000E+0	-138.000E+0	54.3855E-9	5.74333E+3	92.6000E+0	65.3440E-9
92.6500E+0	-138.000E+0	54.3631E-9	6.58333E+3	92.6500E+0	65.3128E-9
92.7000E+0	-138.000E+0	54.3922E-9	6.39333E+3	92.7000E+0	65.3474E-9
92.7500E+0	-138.000E+0	54.3938E-9	6.60667E+3	92.7500E+0	65.3487E-9
92.8000E+0	-138.000E+0	54.4199E-9	6.46667E+3	92.8000E+0	65.3879E-9
92.8500E+0	-138.000E+0	54.3878E-9	6.41333E+3	92.8500E+0	65.3435E-9
92.9000E+0	-138.000E+0	54.3812E-9	6.95667E+3	92.9000E+0	65.3375E-9
92.9500E+0	-138.000E+0	54.5235E-9	6.76000E+3	92.9500E+0	65.5114E-9
93.0000E+0	-138.000E+0	54.4697E-9	7.47000E+3	93.0000E+0	65.4454E-9
93.0500E+0	-138.000E+0	54.3712E-9	7.63000E+3	93.0500E+0	65.3247E-9
93.1000E+0	-138.000E+0	54.2745E-9	6.70000E+3	93.1000E+0	65.2047E-9
93.1500E+0	-138.000E+0	54.4444E-9	7.50000E+3	93.1500E+0	65.4099E-9
93.2000E+0	-138.000E+0	54.4962E-9	7.30667E+3	93.2000E+0	65.4754E-9
93.2500E+0	-138.000E+0	54.3258E-9	7.87333E+3	93.2500E+0	65.2692E-9
93.3000E+0	-138.000E+0	54.3960E-9	6.86667E+3	93.3000E+0	65.3550E-9
93.3500E+0	-138.000E+0	54.5366E-9	7.91000E+3	93.3500E+0	65.5239E-9
93.4000E+0	-138.000E+0	54.3438E-9	9.28000E+3	93.4000E+0	65.2910E-9
93.4500E+0	-138.000E+0	54.3154E-9	8.16667E+3	93.4500E+0	65.2567E-9
93.5000E+0	-138.000E+0	54.3774E-9	7.86667E+3	93.5000E+0	65.3337E-9
93.5500E+0	-138.000E+0	54.4077E-9	7.90333E+3	93.5500E+0	65.3653E-9
93.6000E+0	-138.000E+0	54.4038E-9	9.02667E+3	93.6000E+0	65.3656E-9
93.6500E+0	-138.000E+0	54.4523E-9	8.62333E+3	93.6500E+0	65.4216E-9
93.7000E+0	-138.000E+0	54.3756E-9	9.28000E+3	93.7000E+0	65.3267E-9
93.7500E+0	-138.000E+0	54.3012E-9	9.15333E+3	93.7500E+0	65.2389E-9
93.8000E+0	-138.000E+0	54.3244E-9	9.86333E+3	93.8000E+0	65.2679E-9
93.8500E+0	-138.000E+0	54.3819E-9	9.63000E+3	93.8500E+0	65.3383E-9
93.9000E+0	-138.000E+0	54.3074E-9	9.46000E+3	93.9000E+0	65.2528E-9
93.9500E+0	-138.000E+0	54.4140E-9	10.9733E+3	93.9500E+0	65.3807E-9
94.0000E+0	-138.000E+0	54.3802E-9	10.2000E+3	94.0000E+0	65.3364E-9
94.0500E+0	-138.000E+0	54.3376E-9	10.2167E+3	94.0500E+0	65.2874E-9
94.1000E+0	-138.000E+0	54.3765E-9	10.1767E+3	94.1000E+0	65.3351E-9
94.1500E+0	-138.000E+0	54.4457E-9	10.5333E+3	94.1500E+0	65.4153E-9
94.2000E+0	-138.000E+0	54.3547E-9	12.3467E+3	94.2000E+0	65.3060E-9
94.2500E+0	-138.000E+0	54.3143E-9	11.2067E+3	94.2500E+0	65.2534E-9
94.3000E+0	-138.000E+0	54.2795E-9	11.3567E+3	94.3000E+0	65.2130E-9
94.3500E+0	-138.000E+0	54.2092E-9	11.0500E+3	94.3500E+0	65.1268E-9
94.4000E+0	-138.000E+0	54.1811E-9	12.8200E+3	94.4000E+0	65.0973E-9
94.4500E+0	-138.000E+0	54.3808E-9	12.0300E+3	94.4500E+0	65.3381E-9
94.5000E+0	-138.000E+0	54.2800E-9	12.1867E+3	94.5000E+0	65.2117E-9
94.5500E+0	-138.000E+0	54.2797E-9	11.1767E+3	94.5500E+0	65.2120E-9
94.6000E+0	-138.000E+0	54.1537E-9	12.9467E+3	94.6000E+0	65.0578E-9
94.6500E+0	-138.000E+0	54.1561E-9	11.4033E+3	94.6500E+0	65.0633E-9
94.7000E+0	-138.000E+0	54.2241E-9	14.1333E+3	94.7000E+0	65.1387E-9
94.7500E+0	-138.000E+0	54.3028E-9	13.1000E+3	94.7500E+0	65.2431E-9
94.8000E+0	-138.000E+0	54.2818E-9	13.2300E+3	94.8000E+0	65.2133E-9
94.8500E+0	-138.000E+0	54.2683E-9	14.1767E+3	94.8500E+0	65.1978E-9
94.9000E+0	-138.000E+0	54.2489E-9	14.1667E+3	94.9000E+0	65.1747E-9
94.9500E+0	-138.000E+0	54.2163E-9	14.2700E+3	94.9500E+0	65.1326E-9
95.0000E+0	-138.000E+0	54.2902E-9	15.8733E+3	95.0000E+0	65.2257E-9
95.0500E+0	-138.000E+0	54.3589E-9	15.0067E+3	95.0500E+0	65.3052E-9
95.1000E+0	-138.000E+0	54.2444E-9	14.3667E+3	95.1000E+0	65.1687E-9
95.1500E+0	-138.000E+0	54.3375E-9	14.5200E+3	95.1500E+0	65.2796E-9
95.2000E+0	-138.000E+0	54.3051E-9	15.4067E+3	95.2000E+0	65.2426E-9
95.2500E+0	-138.000E+0	54.3374E-9	16.7633E+3	95.2500E+0	65.2810E-9
95.3000E+0	-138.000E+0	54.2762E-9	18.6933E+3	95.3000E+0	65.2072E-9
95.3500E+0	-138.000E+0	54.2973E-9	15.4367E+3	95.3500E+0	65.2335E-9
95.4000E+0	-138.000E+0	54.2655E-9	16.8700E+3	95.4000E+0	65.1966E-9
95.4500E+0	-138.000E+0	54.2958E-9	16.3600E+3	95.4500E+0	65.2262E-9
95.5000E+0	-138.000E+0	54.2548E-9	18.4833E+3	95.5000E+0	65.1795E-9
95.5500E+0	-138.000E+0	54.3114E-9	17.6967E+3	95.5500E+0	65.2491E-9
95.6000E+0	-138.000E+0	54.3082E-9	18.1267E+3	95.6000E+0	65.2471E-9
95.6500E+0	-138.000E+0	54.1952E-9	19.0567E+3	95.6500E+0	65.1046E-9
95.7000E+0	-138.000E+0	54.3439E-9	18.2233E+3	95.7000E+0	65.2844E-9
95.7500E+0	-138.000E+0	54.1491E-9	19.1133E+3	95.7500E+0	65.0501E-9
95.8000E+0	-138.000E+0	54.2120E-9	19.1133E+3	95.8000E+0	65.1280E-9
95.8500E+0	-138.000E+0	54.3924E-9	20.2433E+3	95.8500E+0	65.3444E-9
95.9000E+0	-138.000E+0	54.2490E-9	20.7300E+3	95.9000E+0	65.1702E-9
95.9500E+0	-138.000E+0	54.2853E-9	21.5933E+3	95.9500E+0	65.2209E-9
96.0000E+0	-138.000E+0	54.2196E-9	21.8433E+3	96.0000E+0	65.1395E-9
96.0500E+0	-138.000E+0	54.2709E-9	19.8667E+3	96.0500E+0	65.2010E-9
96.1000E+0	-138.000E+0	54.2031E-9	21.4033E+3	96.1000E+0	65.1147E-9
96.1500E+0	-138.000E+0	54.2082E-9	22.4933E+3	96.1500E+0	65.1231E-9
96.2000E+0	-138.000E+0	54.3512E-9	22.2333E+3	96.2000E+0	65.2972E-9
96.2500E+0	-138.000E+0	54.1499E-9	23.2367E+3	96.2500E+0	65.0494E-9
96.3000E+0	-138.000E+0	54.1688E-9	21.2100E+3	96.3000E+0	65.0780E-9
96.3500E+0	-138.000E+0	54.1441E-9	20.8600E+3	96.3500E+0	65.0409E-9
96.4000E+0	-138.000E+0	54.1874E-9	24.4000E+3	96.4000E+0	65.0942E-9
96.4500E+0	-138.000E+0	54.3628E-9	25.0833E+3	96.4500E+0	65.3056E-9
96.5000E+0	-138.000E+0	54.1474E-9	23.8233E+3	96.5000E+0	65.0465E-9
96.5500E+0	-138.000E+0	54.1955E-9	23.8833E+3	96.5500E+0	65.1019E-9
96.6000E+0	-138.000E+0	54.2956E-9	24.7967E+3	96.6000E+0	65.2240E-9
96.6500E+0	-138.000E+0	54.1782E-9	24.4567E+3	96.6500E+0	65.0863E-9
96.7000E+0	-138.000E+0	54.1461E-9	25.4967E+3	96.7000E+0	65.0462E-9
96.7500E+0	-138.000E+0	54.1789E-9	26.8333E+3	96.7500E+0	65.0858E-9
96.8000E+0	-138.000E+0	54.2196E-9	26.6367E+3	96.8000E+0	65.1343E-9
96.8500E+0	-138.000E+0	54.2007E-9	25.9600E+3	96.8500E+0	65.1074E-9
96.9000E+0	-138.000E+0	54.2423E-9	27.0233E+3	96.9000E+0	65.1592E-9
96.9500E+0	-138.000E+0	54.3271E-9	26.4300E+3	96.9500E+0	65.2613E-9
97.0000E+0	-138.000E+0	54.3171E-9	28.4600E+3	97.0000E+0	65.2547E-9
97.0500E+0	-138.000E+0	54.3471E-9	28.5400E+3	97.0500E+0	65.2904E-9
97.1000E+0	-138.000E+0	54.2679E-9	28.9633E+3	97.1000E+0	65.1941E-9
97.1500E+0	-138.000E+0	54.2850E-9	30.5533E+3	97.1500E+0	65.2143E-9
97.2000E+0	-138.000E+0	54.3188E-9	28.9500E+3	97.2000E+0	65.2601E-9
97.2500E+0	-138.000E+0	54.2341E-9	29.7367E+3	97.2500E+0	65.1570E-9
97.3000E+0	-138.000E+0	54.2703E-9	29.5700E+3	97.3000E+0	65.1943E-9
97.3500E+0	-138.000E+0	54.2832E-9	31.8700E+3	97.3500E+0	65.2122E-9
97.4000E+0	-138.000E+0	54.2164E-9	29.2933E+3	97.4000E+0	65.1296E-9
97.4500E+0	-138.000E+0	54.3036E-9	30.5467E+3	97.4500E+0	65.2406E-9
97.5000E+0	-138.000E+0	54.2614E-9	31.2800E+3	97.5000E+0	65.1841E-9
97.5500E+0	-138.000E+0	54.3084E-9	32.2833E+3	97.5500E+0	65.2491E-9
97.6000E+0	-138.000E+0	54.3198E-9	32.2100E+3	97.6000E+0	65.2604E-9
97.6500E+0	-138.000E+0	54.2743E-9	32.6233E+3	97.6500E+0	65.2027E-9
97.7000E+0	-138.000E+0	54.2935E-9	32.9067E+3	97.7000E+0	65.2243E-9
97.7500E+0	-138.000E+0	54.2513E-9	32.9667E+3	97.7500E+0	65.1755E-9
97.8000E+0	-138.000E+0	54.2621E-9	35.8033E+3	97.8000E+0	65.1890E-9
97.8500E+0	-138.000E+0	54.2347E-9	35.5367E+3	97.8500E+0	65.1539E-9
97.9000E+0	-138.000E+0	54.2805E-9	35.5367E+3	97.9000E+0	65.2124E-9
97.9500E+0	-138.000E+0	54.2998E-9	36.5900E+3	97.9500E+0	65.2355E-9
98.0000E+0	-138.000E+0	54.1763E-9	36.0300E+3	98.0000E+0	65.0814E-9
98.0500E+0	-138.000E+0	54.3074E-9	36.6067E+3	98.0500E+0	65.2410E-9
98.1000E+0	-138.000E+0	54.2590E-9	36.9133E+3	98.1000E+0	65.1848E-9
98.1500E+0	-138.000E+0	54.2427E-9	36.1167E+3	98.1500E+0	65.1607E-9
98.2000E+0	-138.000E+0	54.2549E-9	38.4233E+3	98.2000E+0	65.1807E-9
98.2500E+0	-138.000E+0	54.2480E-9	36.9733E+3	98.2500E+0	65.1679E-9
98.3000E+0	-138.000E+0	54.2462E-9	38.2800E+3	98.3000E+0	65.1657E-9
98.3500E+0	-138.000E+0	54.3633E-9	39.7567E+3	98.3500E+0	65.3138E-9
98.4000E+0	-138.000E+0	54.3940E-9	40.1267E+3	98.4000E+0	65.3463E-9
98.4500E+0	-138.000E+0	54.3429E-9	41.3467E+3	98.4500E+0	65.2861E-9
98.5000E+0	-138.000E+0	54.2172E-9	39.3967E+3	98.5000E+0	65.1334E-9
98.5500E+0	-138.000E+0	54.2896E-9	40.6467E+3	98.5500E+0	65.2221E-9
98.6000E+0	-138.000E+0	54.1906E-9	38.6867E+3	98.6000E+0	65.1022E-9
98.6500E+0	-138.000E+0	54.2753E-9	39.9667E+3	98.6500E+0	65.2061E-9
98.7000E+0	-138.000E+0	54.2035E-9	40.9367E+3	98.7000E+0	65.1155E-9
98.7500E+0	-138.000E+0	54.3594E-9	41.7833E+3	98.7500E+0	65.3086E-9
98.8000E+0	-138.000E+0	54.2736E-9	39.6133E+3	98.8000E+0	65.2021E-9
98.8500E+0	-138.000E+0	54.2397E-9	41.8200E+3	98.8500E+0	65.1648E-9
98.9000E+0	-138.000E+0	54.3099E-9	44.3200E+3	98.9000E+0	65.2500E-9
98.9500E+0	-138.000E+0	54.2744E-9	43.6033E+3	98.9500E+0	65.2055E-9
99.0000E+0	-138.000E+0	54.3133E-9	42.8333E+3	99.0000E+0	65.2470E-9
99.0500E+0	-138.000E+0	54.3888E-9	43.6733E+3	99.0500E+0	65.3432E-9
99.1000E+0	-138.000E+0	54.2778E-9	45.6667E+3	99.1000E+0	65.2110E-9
99.1500E+0	-138.000E+0	54.4315E-9	44.2200E+3	99.1500E+0	65.3940E-9
99.2000E+0	-138.000E+0	54.2947E-9	44.8600E+3	99.2000E+0	65.2288E-9
99.2500E+0	-138.000E+0	54.1521E-9	45.0267E+3	99.2500E+0	65.0533E-9
99.3000E+0	-138.000E+0	54.1994E-9	47.2167E+3	99.3000E+0	65.1090E-9
99.3500E+0	-138.000E+0	54.2043E-9	46.0333E+3	99.3500E+0	65.1168E-9
99.4000E+0	-138.000E+0	54.2017E-9	47.1167E+3	99.4000E+0	65.1136E-9
99.4500E+0	-138.000E+0	54.1704E-9	48.7967E+3	99.4500E+0	65.0796E-9
99.5000E+0	-138.000E+0	54.3138E-9	46.7367E+3	99.5000E+0	65.2548E-9
99.5500E+0	-138.000E+0	54.4395E-9	48.0900E+3	99.5500E+0	65.4066E-9
99.6000E+0	-138.000E+0	54.2680E-9	49.0167E+3	99.6000E+0	65.1937E-9
99.6500E+0	-138.000E+0	54.3174E-9	48.6033E+3	99.6500E+0	65.2550E-9
99.7000E+0	-138.000E+0	54.2671E-9	48.1133E+3	99.7000E+0	65.1933E-9
99.7500E+0	-138.000E+0	54.2218E-9	46.6033E+3	99.7500E+0	65.1389E-9
99.8000E+0	-138.000E+0	54.2145E-9	49.6967E+3	99.8000E+0	65.1312E-9
99.8500E+0	-138.000E+0	54.2080E-9	50.2333E+3	99.8500E+0	65.1249E-9
99.9000E+0	-138.000E+0	54.2645E-9	49.1667E+3	99.9000E+0	65.1921E-9
99.9500E+0	-138.000E+0	54.2567E-9	48.0600E+3	99.9500E+0	65.1810E-9
100.000E+0	-138.000E+0	54.2870E-9	51.3000E+3	100.000E+0	65.2177E-9
100.050E+0	-138.000E+0	54.3234E-9	50.1233E+3	100.050E+0	65.2628E-9
100.100E+0	-138.000E+0	54.1961E-9	50.5733E+3	100.100E+0	65.1112E-9
100.150E+0	-138.000E+0	54.2962E-9	51.3800E+3	100.150E+0	65.2314E-9
100.200E+0	-138.000E+0	54.1974E-9	50.5933E+3	100.200E+0	65.1082E-9
100.250E+0	-138.000E+0	54.1595E-9	50.9333E+3	100.250E+0	65.0643E-9
100.300E+0	-138.000E+0	54.3434E-9	51.4700E+3	100.300E+0	65.2889E-9
100.350E+0	-138.000E+0	54.3946E-9	51.3500E+3	100.350E+0	65.3483E-9
100.400E+0	-138.000E+0	54.3319E-9	53.4333E+3	100.400E+0	65.2754E-9
100.450E+0	-138.000E+0	54.2971E-9	51.9400E+3	100.450E+0	65.2346E-9
100.500E+0	-138.000E+0	54.4434E-9	55.9733E+3	100.500E+0	65.4103E-9
100.550E+0	-138.000E+0	54.2955E-9	55.8700E+3	100.550E+0	65.2299E-9
100.600E+0	-138.000E+0	54.1804E-9	54.7367E+3	100.600E+0	65.0968E-9
100.650E+0	-138.000E+0	54.1608E-9	53.8333E+3	100.650E+0	65.0709E-9
100.700E+0	-138.000E+0	54.2408E-9	53.8133E+3	100.700E+0	65.1651E-9
100.750E+0	-138.000E+0	54.1546E-9	52.2333E+3	100.750E+0	65.0573E-9
100.800E+0	-138.000E+0	54.2277E-9	52.4133E+3	100.800E+0	65.1448E-9
100.850E+0	-138.000E+0	54.3953E-9	52.2333E+3	100.850E+0	65.3550E-9
100.900E+0	-138.000E+0	54.3709E-9	55.8233E+3	100.900E+0	65.3179E-9
100.950E+0	-138.000E+0	54.2995E-9	57.5700E+3	100.950E+0	65.2377E-9
101.000E+0	-138.000E+0	54.2304E-9	52.7933E+3	101.000E+0	65.1472E-9
101.050E+0	-138.000E+0	54.3471E-9	55.8367E+3	101.050E+0	65.2969E-9
101.100E+0	-138.000E+0	54.2843E-9	55.5633E+3	101.100E+0	65.2159E-9
101.150E+0	-138.000E+0	54.3798E-9	52.8100E+3	101.150E+0	65.3300E-9
101.200E+0	-138.000E+0	54.3862E-9	56.5733E+3	101.200E+0	65.3405E-9
101.250E+0	-138.000E+0	54.3945E-9	53.7000E+3	101.250E+0	65.3526E-9
101.300E+0	-138.000E+0	54.4317E-9	55.2400E+3	101.300E+0	65.3898E-9
101.350E+0	-138.000E+0	54.4586E-9	56.5033E+3	101.350E+0	65.4325E-9
101.400E+0	-138.000E+0	54.4002E-9	58.4933E+3	101.400E+0	65.3614E-9
101.450E+0	-138.000E+0	54.4439E-9	56.3000E+3	101.450E+0	65.4086E-9
101.500E+0	-138.000E+0	54.3901E-9	57.3367E+3	101.500E+0	65.3437E-9
101.550E+0	-138.000E+0	54.4024E-9	56.9467E+3	101.550E+0	65.3629E-9
101.600E+0	-138.000E+0	54.2588E-9	54.8967E+3	101.600E+0	65.1851E-9
101.650E+0	-138.000E+0	54.2807E-9	57.8267E+3	101.650E+0	65.2167E-9
101.700E+0	-138.000E+0	54.3534E-9	55.8500E+3	101.700E+0	65.3014E-9
101.750E+0	-138.000E+0	54.3394E-9	55.8900E+3	101.750E+0	65.2837E-9
101.800E+0	-138.000E+0	54.3170E-9	57.4167E+3	101.800E+0	65.2573E-9
101.850E+0	-138.000E+0	54.2711E-9	57.2067E+3	101.850E+0	65.1984E-9
101.900E+0	-138.000E+0	54.2411E-9	57.4233E+3	101.900E+0	65.1649E-9
101.950E+0	-138.000E+0	54.2436E-9	56.1633E+3	101.950E+0	65.1662E-9
102.000E+0	-138.000E+0	54.2564E-9	55.3433E+3	102.000E+0	65.1815E-9
102.050E+0	-138.000E+0	54.2631E-9	56.8867E+3	102.050E+0	65.1876E-9
102.100E+0	-138.000E+0	54.3552E-9	57.2000E+3	102.100E+0	65.3053E-9
102.150E+0	-138.000E+0	54.3225E-9	57.4200E+3	102.150E+0	65.2642E-9
102.200E+0	-138.000E+0	54.4425E-9	57.5233E+3	102.200E+0	65.4096E-9
102.250E+0	-138.000E+0	54.3826E-9	58.2500E+3	102.250E+0	65.3420E-9
102.300E+0	-138.000E+0	54.3888E-9	57.8300E+3	102.300E+0	65.3514E-9
102.350E+0	-138.000E+0	54.3716E-9	55.2733E+3	102.350E+0	65.3287E-9
102.400E+0	-138.000E+0	54.3072E-9	56.9833E+3	102.400E+0	65.2458E-9
102.450E+0	-138.000E+0	54.2938E-9	55.9033E+3	102.450E+0	65.2357E-9
102.500E+0	-138.000E+0	54.2469E-9	58.3500E+3	102.500E+0	65.1747E-9
102.550E+0	-138.000E+0	54.2965E-9	59.7333E+3	102.550E+0	65.2309E-9
102.600E+0	-138.000E+0	54.3365E-9	56.1733E+3	102.600E+0	65.2816E-9
102.650E+0	-138.000E+0	54.2871E-9	57.6033E+3	102.650E+0	65.2224E-9
102.700E+0	-138.000E+0	54.3039E-9	56.4200E+3	102.700E+0	65.2452E-9
102.750E+0	-138.000E+0	54.3569E-9	56.6633E+3	102.750E+0	65.3077E-9
102.800E+0	-138.000E+0	54.3222E-9	56.5833E+3	102.800E+0	65.2659E-9
102.850E+0	-138.000E+0	54.2046E-9	54.5400E+3	102.850E+0	65.1158E-9
102.900E+0	-138.000E+0	54.2010E-9	56.6000E+3	102.900E+0	65.1138E-9
102.950E+0	-138.000E+0	54.3634E-9	57.3233E+3	102.950E+0	65.3148E-9
103.000E+0	-138.000E+0	54.2473E-9	56.2800E+3	103.000E+0	65.1730E-9
103.050E+0	-138.000E+0	54.2496E-9	54.4567E+3	103.050E+0	65.1745E-9
103.100E+0	-138.000E+0	54.2496E-9	54.5867E+3	103.100E+0	65.1751E-9
103.150E+0	-138.000E+0	54.3433E-9	56.1300E+3	103.150E+0	65.2921E-9
103.200E+0	-138.000E+0	54.1765E-9	55.8333E+3	103.200E+0	65.0865E-9
103.250E+0	-138.000E+0	54.2004E-9	55.0500E+3	103.250E+0	65.1199E-9
103.300E+0	-138.000E+0	54.2364E-9	56.7033E+3	103.300E+0	65.1626E-9
103.350E+0	-138.000E+0	54.1889E-9	56.2900E+3	103.350E+0	65.0979E-9
103.400E+0	-138.000E+0	54.2294E-9	53.7567E+3	103.400E+0	65.1541E-9
103.450E+0	-138.000E+0	54.2211E-9	53.8467E+3	103.450E+0	65.1410E-9
103.500E+0	-138.000E+0	54.1112E-9	54.0167E+3	103.500E+0	65.0075E-9
103.550E+0	-138.000E+0	54.2203E-9	53.6833E+3	103.550E+0	65.1378E-9
103.600E+0	-138.000E+0	54.1809E-9	54.1100E+3	103.600E+0	65.0900E-9
103.650E+0	-138.000E+0	54.2401E-9	52.7533E+3	103.650E+0	65.1610E-9
103.700E+0	-138.000E+0	54.1381E-9	53.1767E+3	103.700E+0	65.0410E-9
103.750E+0	-138.000E+0	54.1513E-9	51.9133E+3	103.750E+0	65.0580E-9
103.800E+0	-138.000E+0	54.3294E-9	50.9967E+3	103.800E+0	65.2793E-9
103.850E+0	-138.000E+0	54.1738E-9	53.3533E+3	103.850E+0	65.0849E-9
103.900E+0	-138.000E+0	54.1668E-9	49.7367E+3	103.900E+0	65.0767E-9
103.950E+0	-138.000E+0	54.1200E-9	51.6133E+3	103.950E+0	65.0155E-9
104.000E+0	-138.000E+0	54.1071E-9	51.9133E+3	104.000E+0	64.9995E-9
104.050E+0	-138.000E+0	54.3077E-9	50.9433E+3	104.050E+0	65.2508E-9
104.100E+0	-138.000E+0	54.2936E-9	51.9367E+3	104.100E+0	65.2246E-9
104.150E+0	-138.000E+0	54.1454E-9	49.8800E+3	104.150E+0	65.0502E-9
104.200E+0	-138.000E+0	54.1665E-9	52.5467E+3	104.200E+0	65.0719E-9
104.250E+0	-138.000E+0	54.1950E-9	50.7567E+3	104.250E+0	65.1087E-9
104.300E+0	-138.000E+0	53.3466E-9	52.1667E+3	104.300E+0	64.0923E-9
104.350E+0	-138.000E+0	53.3880E-9	51.8467E+3	104.350E+0	64.1427E-9
104.400E+0	-138.000E+0	53.2993E-9	50.4000E+3	104.400E+0	64.0336E-9
104.450E+0	-138.000E+0	53.1490E-9	49.0300E+3	104.450E+0	63.8497E-9
104.500E+0	-138.000E+0	53.0980E-9	48.8167E+3	104.500E+0	63.7898E-9
104.550E+0	-138.000E+0	53.0998E-9	48.1167E+3	104.550E+0	63.7926E-9
104.600E+0	-138.000E+0	53.2315E-9	46.9567E+3	104.600E+0	63.9518E-9
104.650E+0	-138.000E+0	53.1681E-9	48.3567E+3	104.650E+0	63.8706E-9
104.700E+0	-138.000E+0	53.1785E-9	47.5733E+3	104.700E+0	63.8872E-9
104.750E+0	-138.000E+0	53.1903E-9	46.5667E+3	104.750E+0	63.9032E-9
104.800E+0	-138.000E+0	53.3963E-9	47.6600E+3	104.800E+0	64.1555E-9
104.850E+0	-138.000E+0	53.2769E-9	45.9400E+3	104.850E+0	64.0097E-9
104.900E+0	-138.000E+0	53.3411E-9	47.3300E+3	104.900E+0	64.0868E-9
104.950E+0	-138.000E+0	53.3528E-9	45.6167E+3	104.950E+0	64.0992E-9
105.000E+0	-138.000E+0	53.1622E-9	46.3133E+3	105.000E+0	63.8660E-9
105.050E+0	-138.000E+0	53.3319E-9	47.0167E+3	105.050E+0	64.0764E-9
105.100E+0	-138.000E+0	53.3203E-9	44.2200E+3	105.100E+0	64.0592E-9
105.150E+0	-138.000E+0	53.2624E-9	44.8100E+3	105.150E+0	63.9915E-9
105.200E+0	-138.000E+0	53.2210E-9	46.2633E+3	105.200E+0	63.9441E-9
105.250E+0	-138.000E+0	53.3509E-9	44.6233E+3	105.250E+0	64.0972E-9
105.300E+0	-138.000E+0	53.2672E-9	43.6133E+3	105.300E+0	63.9967E-9
105.350E+0	-138.000E+0	53.3425E-9	44.9667E+3	105.350E+0	64.0883E-9
105.400E+0	-138.000E+0	53.2262E-9	43.9100E+3	105.400E+0	63.9450E-9
105.450E+0	-138.000E+0	53.2232E-9	44.7067E+3	105.450E+0	63.9367E-9
105.500E+0	-138.000E+0	53.2517E-9	43.4833E+3	105.500E+0	63.9773E-9
105.550E+0	-138.000E+0	53.2758E-9	42.6433E+3	105.550E+0	64.0011E-9
105.600E+0	-138.000E+0	53.3825E-9	45.4433E+3	105.600E+0	64.1355E-9
105.650E+0	-138.000E+0	53.3715E-9	42.1700E+3	105.650E+0	64.1203E-9
105.700E+0	-138.000E+0	53.1598E-9	39.3967E+3	105.700E+0	63.8619E-9
105.750E+0	-138.000E+0	53.2062E-9	40.3800E+3	105.750E+0	63.9246E-9
105.800E+0	-138.000E+0	53.3415E-9	40.9633E+3	105.800E+0	64.0838E-9
105.850E+0	-138.000E+0	53.2811E-9	41.2433E+3	105.850E+0	64.0105E-9
105.900E+0	-138.000E+0	53.2759E-9	40.7967E+3	105.900E+0	64.0059E-9
105.950E+0	-138.000E+0	54.4200E-9	39.9800E+3	105.950E+0	65.3757E-9
106.000E+0	-138.000E+0	54.5182E-9	40.7800E+3	106.000E+0	65.5000E-9
106.050E+0	-138.000E+0	54.5067E-9	39.4267E+3	106.050E+0	65.4876E-9
106.100E+0	-138.000E+0	54.3346E-9	40.2533E+3	106.100E+0	65.2766E-9
106.150E+0	-138.000E+0	54.5654E-9	39.1233E+3	106.150E+0	65.5586E-9
106.200E+0	-138.000E+0	54.4880E-9	39.1500E+3	106.200E+0	65.4647E-9
106.250E+0	-138.000E+0	54.3817E-9	39.1867E+3	106.250E+0	65.3389E-9
106.300E+0	-138.000E+0	54.3684E-9	38.0367E+3	106.300E+0	65.3131E-9
106.350E+0	-138.000E+0	54.4636E-9	41.2867E+3	106.350E+0	65.4363E-9
106.400E+0	-138.000E+0	54.3538E-9	38.5700E+3	106.400E+0	65.2963E-9
106.450E+0	-138.000E+0	54.4891E-9	39.5333E+3	106.450E+0	65.4660E-9
106.500E+0	-138.000E+0	54.3364E-9	38.7233E+3	106.500E+0	65.2740E-9
106.550E+0	-138.000E+0	54.3035E-9	39.1400E+3	106.550E+0	65.2383E-9
106.600E+0	-138.000E+0	54.2822E-9	35.8500E+3	106.600E+0	65.2052E-9
106.650E+0	-138.000E+0	54.4092E-9	35.7833E+3	106.650E+0	65.3612E-9
106.700E+0	-138.000E+0	54.4627E-9	36.8867E+3	106.700E+0	65.4317E-9
106.750E+0	-138.000E+0	54.4116E-9	37.3367E+3	106.750E+0	65.3713E-9
106.800E+0	-138.000E+0	54.3782E-9	35.4733E+3	106.800E+0	65.3254E-9
106.850E+0	-138.000E+0	54.3791E-9	35.6867E+3	106.850E+0	65.3261E-9
106.900E+0	-138.000E+0	54.4694E-9	36.9833E+3	106.900E+0	65.4368E-9
106.950E+0	-138.000E+0	54.4582E-9	33.8500E+3	106.950E+0	65.4258E-9
107.000E+0	-138.000E+0	54.3787E-9	35.1267E+3	107.000E+0	65.3294E-9
107.050E+0	-138.000E+0	54.4734E-9	35.7500E+3	107.050E+0	65.4459E-9
107.100E+0	-138.000E+0	54.4614E-9	33.7167E+3	107.100E+0	65.4269E-9
107.150E+0	-138.000E+0	54.4198E-9	33.8133E+3	107.150E+0	65.3818E-9
107.200E+0	-138.000E+0	54.4368E-9	33.5000E+3	107.200E+0	65.3995E-9
107.250E+0	-138.000E+0	54.4108E-9	33.8700E+3	107.250E+0	65.3634E-9
107.300E+0	-138.000E+0	54.3760E-9	31.9567E+3	107.300E+0	65.3257E-9
107.350E+0	-138.000E+0	54.3734E-9	33.3333E+3	107.350E+0	65.3191E-9
107.400E+0	-138.000E+0	54.3501E-9	30.3933E+3	107.400E+0	65.2948E-9
107.450E+0	-138.000E+0	54.3839E-9	31.2433E+3	107.450E+0	65.3385E-9
107.500E+0	-138.000E+0	54.5586E-9	32.9133E+3	107.500E+0	65.5502E-9
107.550E+0	-138.000E+0	54.4509E-9	31.9000E+3	107.550E+0	65.4139E-9
107.600E+0	-138.000E+0	54.3491E-9	31.8867E+3	107.600E+0	65.2991E-9
107.650E+0	-138.000E+0	54.3633E-9	30.7067E+3	107.650E+0	65.3116E-9
107.700E+0	-138.000E+0	54.2869E-9	31.2133E+3	107.700E+0	65.2217E-9
107.750E+0	-138.000E+0	54.3355E-9	29.7067E+3	107.750E+0	65.2734E-9
107.800E+0	-138.000E+0	54.3508E-9	31.5967E+3	107.800E+0	65.3015E-9
107.850E+0	-138.000E+0	54.4197E-9	29.4067E+3	107.850E+0	65.3800E-9
107.900E+0	-138.000E+0	54.3675E-9	30.9733E+3	107.900E+0	65.3158E-9
107.950E+0	-138.000E+0	54.3638E-9	30.6267E+3	107.950E+0	65.3161E-9
108.000E+0	-138.000E+0	54.4093E-9	32.4133E+3	108.000E+0	65.3684E-9
108.050E+0	-138.000E+0	54.3907E-9	29.2800E+3	108.050E+0	65.3442E-9
108.100E+0	-138.000E+0	54.3788E-9	29.8200E+3	108.100E+0	65.3342E-9
108.150E+0	-138.000E+0	54.2716E-9	29.9833E+3	108.150E+0	65.2027E-9
108.200E+0	-138.000E+0	54.4015E-9	28.7833E+3	108.200E+0	65.3565E-9
108.250E+0	-138.000E+0	54.4701E-9	28.7200E+3	108.250E+0	65.4374E-9
108.300E+0	-138.000E+0	54.5247E-9	29.4100E+3	108.300E+0	65.5127E-9
108.350E+0	-138.000E+0	54.2638E-9	27.5233E+3	108.350E+0	65.1888E-9
108.400E+0	-138.000E+0	54.4847E-9	28.9567E+3	108.400E+0	65.4582E-9
108.450E+0	-138.000E+0	54.3322E-9	27.3433E+3	108.450E+0	65.2733E-9
108.500E+0	-138.000E+0	54.3678E-9	28.0867E+3	108.500E+0	65.3160E-9
108.550E+0	-138.000E+0	54.3972E-9	26.7667E+3	108.550E+0	65.3531E-9
108.600E+0	-138.000E+0	54.3640E-9	27.3833E+3	108.600E+0	65.3100E-9
108.650E+0	-138.000E+0	54.0653E-9	26.6167E+3	108.650E+0	64.9511E-9
108.700E+0	-138.000E+0	54.0363E-9	27.0233E+3	108.700E+0	64.9142E-9
108.750E+0	-138.000E+0	53.9743E-9	26.4433E+3	108.750E+0	64.8367E-9
108.800E+0	-138.000E+0	54.1470E-9	26.4900E+3	108.800E+0	65.0486E-9
108.850E+0	-138.000E+0	53.9978E-9	27.6367E+3	108.850E+0	64.8615E-9
108.900E+0	-138.000E+0	53.9632E-9	25.2733E+3	108.900E+0	64.8222E-9
108.950E+0	-138.000E+0	54.1298E-9	26.1767E+3	108.950E+0	65.0283E-9
109.000E+0	-138.000E+0	54.0036E-9	25.9700E+3	109.000E+0	64.8727E-9
109.050E+0	-138.000E+0	54.0415E-9	25.2867E+3	109.050E+0	64.9212E-9
109.100E+0	-138.000E+0	54.0202E-9	25.7767E+3	109.100E+0	64.8921E-9
109.150E+0	-138.000E+0	53.9015E-9	26.2000E+3	109.150E+0	64.7492E-9
109.200E+0	-138.000E+0	54.0260E-9	24.8667E+3	109.200E+0	64.9024E-9
109.250E+0	-138.000E+0	53.8899E-9	25.3367E+3	109.250E+0	64.7378E-9
109.300E+0	-138.000E+0	54.0081E-9	25.3933E+3	109.300E+0	64.8792E-9
109.350E+0	-138.000E+0	54.0064E-9	23.7433E+3	109.350E+0	64.8735E-9
109.400E+0	-138.000E+0	54.0169E-9	23.9033E+3	109.400E+0	64.8858E-9
109.450E+0	-138.000E+0	53.9598E-9	24.6000E+3	109.450E+0	64.8163E-9
109.500E+0	-138.000E+0	54.0061E-9	24.6033E+3	109.500E+0	64.8712E-9
109.550E+0	-138.000E+0	54.0324E-9	23.9967E+3	109.550E+0	64.9065E-9
109.600E+0	-138.000E+0	53.9685E-9	23.0033E+3	109.600E+0	64.8278E-9
109.650E+0	-138.000E+0	53.9596E-9	24.0133E+3	109.650E+0	64.8209E-9
109.700E+0	-138.000E+0	54.0720E-9	24.9033E+3	109.700E+0	64.9533E-9
109.750E+0	-138.000E+0	53.9458E-9	23.1567E+3	109.750E+0	64.8007E-9
109.800E+0	-138.000E+0	54.0216E-9	23.3400E+3	109.800E+0	64.8989E-9
109.850E+0	-138.000E+0	53.5453E-9	22.2067E+3	109.850E+0	64.3292E-9
109.900E+0	-138.000E+0	53.5841E-9	23.0733E+3	109.900E+0	64.3769E-9
109.950E+0	-138.000E+0	53.5996E-9	22.3233E+3	109.950E+0	64.3954E-9
110.000E+0	-138.000E+0	53.5388E-9	23.3300E+3	110.000E+0	64.3248E-9
110.050E+0	-138.000E+0	53.4478E-9	21.9000E+3	110.050E+0	64.2106E-9
110.100E+0	-138.000E+0	53.4552E-9	21.3933E+3	110.100E+0	64.2182E-9
110.150E+0	-138.000E+0	53.4723E-9	22.9100E+3	110.150E+0	64.2459E-9
110.200E+0	-138.000E+0	53.4420E-9	22.7733E+3	110.200E+0	64.2081E-9
110.250E+0	-138.000E+0	53.3474E-9	22.9500E+3	110.250E+0	64.0859E-9
110.300E+0	-138.000E+0	53.3649E-9	23.0900E+3	110.300E+0	64.1123E-9
110.350E+0	-138.000E+0	53.3532E-9	21.9567E+3	110.350E+0	64.0983E-9
110.400E+0	-138.000E+0	53.5299E-9	21.3733E+3	110.400E+0	64.3156E-9
110.450E+0	-138.000E+0	53.4104E-9	20.1967E+3	110.450E+0	64.1623E-9
110.500E+0	-138.000E+0	53.4504E-9	21.1267E+3	110.500E+0	64.2148E-9
110.550E+0	-138.000E+0	53.4280E-9	21.9533E+3	110.550E+0	64.1866E-9
110.600E+0	-138.000E+0	53.5198E-9	19.9800E+3	110.600E+0	64.2953E-9
110.650E+0	-138.000E+0	53.4545E-9	21.1500E+3	110.650E+0	64.2166E-9
110.700E+0	-138.000E+0	53.5768E-9	19.9867E+3	110.700E+0	64.3658E-9
110.750E+0	-138.000E+0	53.4456E-9	20.1900E+3	110.750E+0	64.2076E-9
110.800E+0	-138.000E+0	53.5193E-9	21.0300E+3	110.800E+0	64.2921E-9
110.850E+0	-138.000E+0	53.4846E-9	21.6100E+3	110.850E+0	64.2510E-9
110.900E+0	-138.000E+0	53.4500E-9	20.7200E+3	110.900E+0	64.2123E-9
110.950E+0	-138.000E+0	53.3940E-9	20.8500E+3	110.950E+0	64.1445E-9
111.000E+0	-138.000E+0	53.4406E-9	20.7400E+3	111.000E+0	64.1979E-9
111.050E+0	-138.000E+0	53.5573E-9	18.6367E+3	111.050E+0	64.3440E-9
111.100E+0	-138.000E+0	53.4088E-9	19.6767E+3	111.100E+0	64.1594E-9
111.150E+0	-138.000E+0	53.4125E-9	19.3367E+3	111.150E+0	64.1666E-9
111.200E+0	-138.000E+0	53.5026E-9	20.5233E+3	111.200E+0	64.2727E-9
111.250E+0	-138.000E+0	53.4552E-9	19.1700E+3	111.250E+0	64.2166E-9
111.300E+0	-138.000E+0	53.4271E-9	17.7167E+3	111.300E+0	64.1846E-9
111.350E+0	-138.000E+0	53.4005E-9	19.6267E+3	111.350E+0	64.1520E-9
111.400E+0	-138.000E+0	53.4719E-9	18.9833E+3	111.400E+0	64.2394E-9
111.450E+0	-138.000E+0	53.4741E-9	17.9400E+3	111.450E+0	64.2385E-9
111.500E+0	-138.000E+0	53.5811E-9	19.6933E+3	111.500E+0	64.3750E-9
111.550E+0	-138.000E+0	53.4899E-9	19.8533E+3	111.550E+0	64.2619E-9
111.600E+0	-138.000E+0	53.4831E-9	19.8400E+3	111.600E+0	64.2529E-9
111.650E+0	-138.000E+0	53.4675E-9	18.6800E+3	111.650E+0	64.2352E-9
111.700E+0	-138.000E+0	53.5202E-9	19.2267E+3	111.700E+0	64.3010E-9
111.750E+0	-138.000E+0	53.5021E-9	18.4767E+3	111.750E+0	64.2759E-9
111.800E+0	-138.000E+0	53.4983E-9	18.6800E+3	111.800E+0	64.2660E-9
111.850E+0	-138.000E+0	53.4083E-9	17.6933E+3	111.850E+0	64.1628E-9
111.900E+0	-138.000E+0	53.3422E-9	18.4100E+3	111.900E+0	64.0863E-9
111.950E+0	-138.000E+0	53.2245E-9	18.2067E+3	111.950E+0	63.9413E-9
112.000E+0	-138.000E+0	53.2113E-9	17.8600E+3	112.000E+0	63.9241E-9
112.050E+0	-138.000E+0	53.1989E-9	18.6033E+3	112.050E+0	63.9102E-9
112.100E+0	-138.000E+0	53.2678E-9	17.9533E+3	112.100E+0	63.9952E-9
112.150E+0	-138.000E+0	53.3100E-9	19.0067E+3	112.150E+0	64.0478E-9
112.200E+0	-138.000E+0	53.2393E-9	18.0700E+3	112.200E+0	63.9609E-9
112.250E+0	-138.000E+0	53.2904E-9	18.9767E+3	112.250E+0	64.0272E-9
112.300E+0	-138.000E+0	53.1881E-9	18.0600E+3	112.300E+0	63.9041E-9
112.350E+0	-138.000E+0	53.2302E-9	17.3367E+3	112.350E+0	63.9550E-9
112.400E+0	-138.000E+0	53.2728E-9	18.2700E+3	112.400E+0	64.0086E-9
112.450E+0	-138.000E+0	53.2147E-9	17.9967E+3	112.450E+0	63.9355E-9
112.500E+0	-138.000E+0	53.1660E-9	17.6200E+3	112.500E+0	63.8750E-9
112.550E+0	-138.000E+0	53.1890E-9	19.3967E+3	112.550E+0	63.9016E-9
112.600E+0	-138.000E+0	53.1732E-9	19.3000E+3	112.600E+0	63.8837E-9
112.650E+0	-138.000E+0	53.2003E-9	18.7033E+3	112.650E+0	63.9154E-9
112.700E+0	-138.000E+0	53.1684E-9	16.5900E+3	112.700E+0	63.8819E-9
112.750E+0	-138.000E+0	53.1596E-9	17.9467E+3	112.750E+0	63.8675E-9
112.800E+0	-138.000E+0	53.2993E-9	18.4533E+3	112.800E+0	64.0382E-9
112.850E+0	-138.000E+0	53.2488E-9	18.5000E+3	112.850E+0	63.9737E-9
112.900E+0	-138.000E+0	53.2432E-9	18.7733E+3	112.900E+0	63.9701E-9
112.950E+0	-138.000E+0	53.1901E-9	17.1567E+3	112.950E+0	63.9024E-9
113.000E+0	-138.000E+0	53.1473E-9	17.5833E+3	113.000E+0	63.8479E-9
113.050E+0	-138.000E+0	53.2508E-9	16.6800E+3	113.050E+0	63.9782E-9
113.100E+0	-138.000E+0	52.7545E-9	17.3567E+3	113.100E+0	63.3742E-9
113.150E+0	-138.000E+0	52.8150E-9	17.4933E+3	113.150E+0	63.4478E-9
113.200E+0	-138.000E+0	52.8207E-9	17.9367E+3	113.200E+0	63.4518E-9
113.250E+0	-138.000E+0	52.8294E-9	18.7033E+3	113.250E+0	63.4666E-9
113.300E+0	-138.000E+0	52.8340E-9	17.0267E+3	113.300E+0	63.4721E-9
113.350E+0	-138.000E+0	52.7706E-9	17.0933E+3	113.350E+0	63.3950E-9
113.400E+0	-138.000E+0	52.7221E-9	16.5300E+3	113.400E+0	63.3323E-9
113.450E+0	-138.000E+0	53.0435E-9	16.0567E+3	113.450E+0	63.7243E-9
113.500E+0	-138.000E+0	53.2279E-9	16.7600E+3	113.500E+0	63.9513E-9
113.550E+0	-138.000E+0	53.1826E-9	18.6333E+3	113.550E+0	63.8985E-9
113.600E+0	-138.000E+0	53.1856E-9	16.7300E+3	113.600E+0	63.8961E-9
113.650E+0	-138.000E+0	53.2251E-9	17.6467E+3	113.650E+0	63.9468E-9
113.700E+0	-138.000E+0	53.2470E-9	17.6267E+3	113.700E+0	63.9738E-9
113.750E+0	-138.000E+0	53.1894E-9	16.2433E+3	113.750E+0	63.9026E-9
113.800E+0	-138.000E+0	53.1858E-9	16.9067E+3	113.800E+0	63.8994E-9
113.850E+0	-138.000E+0	53.2490E-9	16.8367E+3	113.850E+0	63.9755E-9
113.900E+0	-138.000E+0	53.1530E-9	17.8067E+3	113.900E+0	63.8562E-9
113.950E+0	-138.000E+0	53.1953E-9	16.1533E+3	113.950E+0	63.9159E-9
114.000E+0	-138.000E+0	53.2838E-9	17.7900E+3	114.000E+0	64.0186E-9
114.050E+0	-138.000E+0	53.1886E-9	17.5933E+3	114.050E+0	63.9021E-9
114.100E+0	-138.000E+0	53.1696E-9	17.0233E+3	114.100E+0	63.8789E-9
114.150E+0	-138.000E+0	53.2032E-9	16.1933E+3	114.150E+0	63.9188E-9
114.200E+0	-138.000E+0	53.2265E-9	16.2433E+3	114.200E+0	63.9491E-9
114.250E+0	-138.000E+0	53.1303E-9	16.4933E+3	114.250E+0	63.8266E-9
114.300E+0	-138.000E+0	53.1250E-9	16.4800E+3	114.300E+0	63.8233E-9
114.350E+0	-138.000E+0	53.2181E-9	17.6467E+3	114.350E+0	63.9349E-9
114.400E+0	-138.000E+0	53.1159E-9	16.2833E+3	114.400E+0	63.8079E-9
114.450E+0	-138.000E+0	53.1355E-9	16.3167E+3	114.450E+0	63.8365E-9
114.500E+0	-138.000E+0	53.1794E-9	16.2600E+3	114.500E+0	63.8924E-9
114.550E+0	-138.000E+0	53.1259E-9	15.9233E+3	114.550E+0	63.8186E-9
114.600E+0	-138.000E+0	53.1598E-9	17.3200E+3	114.600E+0	63.8621E-9
114.650E+0	-138.000E+0	53.1548E-9	18.4933E+3	114.650E+0	63.8550E-9
114.700E+0	-138.000E+0	53.2086E-9	17.1567E+3	114.700E+0	63.9217E-9
114.750E+0	-138.000E+0	53.2000E-9	17.0967E+3	114.750E+0	63.9159E-9
114.800E+0	-138.000E+0	53.1867E-9	17.1367E+3	114.800E+0	63.8993E-9
114.850E+0	-138.000E+0	53.2349E-9	17.6700E+3	114.850E+0	63.9560E-9
114.900E+0	-138.000E+0	53.3093E-9	17.9600E+3	114.900E+0	64.0491E-9
114.950E+0	-138.000E+0	53.2153E-9	18.0300E+3	114.950E+0	63.9331E-9
115.000E+0	-138.000E+0	53.1642E-9	15.8400E+3	115.000E+0	63.8724E-9
115.050E+0	-138.000E+0	53.2286E-9	16.6367E+3	115.050E+0	63.9493E-9
115.100E+0	-138.000E+0	53.1267E-9	17.6667E+3	115.100E+0	63.8267E-9
115.150E+0	-138.000E+0	53.1685E-9	17.6000E+3	115.150E+0	63.8791E-9
115.200E+0	-138.000E+0	53.2290E-9	17.5800E+3	115.200E+0	63.9529E-9
115.250E+0	-138.000E+0	53.2687E-9	17.8933E+3	115.250E+0	63.9993E-9
115.300E+0	-138.000E+0	53.2295E-9	18.7867E+3	115.300E+0	63.9534E-9
115.350E+0	-138.000E+0	53.1374E-9	17.1033E+3	115.350E+0	63.8382E-9
115.400E+0	-138.000E+0	53.1980E-9	17.3733E+3	115.400E+0	63.9170E-9
115.450E+0	-138.000E+0	53.1649E-9	16.3233E+3	115.450E+0	63.8764E-9
115.500E+0	-138.000E+0	53.2525E-9	17.6300E+3	115.500E+0	63.9806E-9
115.550E+0	-138.000E+0	53.1202E-9	16.8700E+3	115.550E+0	63.8208E-9
115.600E+0	-138.000E+0	53.2292E-9	16.5567E+3	115.600E+0	63.9500E-9
115.650E+0	-138.000E+0	53.1431E-9	18.0900E+3	115.650E+0	63.8416E-9
115.700E+0	-138.000E+0	53.2538E-9	16.7333E+3	115.700E+0	63.9803E-9
115.750E+0	-138.000E+0	53.1316E-9	17.4067E+3	115.750E+0	63.8284E-9
115.800E+0	-138.000E+0	53.1644E-9	17.9567E+3	115.800E+0	63.8679E-9
115.850E+0	-138.000E+0	53.2552E-9	17.0700E+3	115.850E+0	63.9803E-9
115.900E+0	-138.000E+0	53.2321E-9	18.1000E+3	115.900E+0	63.9519E-9
115.950E+0	-138.000E+0	53.2272E-9	18.4667E+3	115.950E+0	63.9507E-9
116.000E+0	-138.000E+0	53.1358E-9	17.0133E+3	116.000E+0	63.8367E-9
116.050E+0	-138.000E+0	53.1235E-9	17.0500E+3	116.050E+0	63.8224E-9
116.100E+0	-138.000E+0	53.2026E-9	18.8733E+3	116.100E+0	63.9163E-9
116.150E+0	-138.000E+0	53.1517E-9	17.3100E+3	116.150E+0	63.8558E-9
116.200E+0	-138.000E+0	53.1436E-9	16.4500E+3	116.200E+0	63.8463E-9
116.250E+0	-138.000E+0	53.2402E-9	17.3500E+3	116.250E+0	63.9619E-9
116.300E+0	-138.000E+0	53.1489E-9	18.0133E+3	116.300E+0	63.8595E-9
116.350E+0	-138.000E+0	53.2532E-9	17.7733E+3	116.350E+0	63.9803E-9
116.400E+0	-138.000E+0	53.2938E-9	17.1367E+3	116.400E+0	64.0286E-9
116.450E+0	-138.000E+0	53.2452E-9	18.1800E+3	116.450E+0	63.9684E-9
116.500E+0	-138.000E+0	53.2334E-9	18.1400E+3	116.500E+0	63.9548E-9
116.550E+0	-138.000E+0	53.2969E-9	17.7400E+3	116.550E+0	64.0277E-9
116.600E+0	-138.000E+0	53.2306E-9	18.4733E+3	116.600E+0	63.9509E-9
116.650E+0	-138.000E+0	53.2873E-9	19.9000E+3	116.650E+0	64.0153E-9
116.700E+0	-138.000E+0	53.2900E-9	18.5767E+3	116.700E+0	64.0199E-9
116.750E+0	-138.000E+0	53.2381E-9	17.3200E+3	116.750E+0	63.9622E-9
116.800E+0	-138.000E+0	53.1710E-9	19.2433E+3	116.800E+0	63.8851E-9
116.850E+0	-138.000E+0	53.2283E-9	18.2100E+3	116.850E+0	63.9489E-9
116.900E+0	-138.000E+0	53.2529E-9	18.6167E+3	116.900E+0	63.9811E-9
116.950E+0	-138.000E+0	53.2332E-9	17.7500E+3	116.950E+0	63.9536E-9
117.000E+0	-138.000E+0	53.2645E-9	20.7133E+3	117.000E+0	63.9916E-9
117.050E+0	-138.000E+0	53.2158E-9	17.7400E+3	117.050E+0	63.9336E-9
117.100E+0	-138.000E+0	53.3123E-9	19.6700E+3	117.100E+0	64.0554E-9
117.150E+0	-138.000E+0	53.3032E-9	18.9700E+3	117.150E+0	64.0401E-9
117.200E+0	-138.000E+0	53.2897E-9	18.2533E+3	117.200E+0	64.0249E-9
117.250E+0	-138.000E+0	53.2609E-9	18.7833E+3	117.250E+0	63.9858E-9
117.300E+0	-138.000E+0	53.2430E-9	18.3933E+3	117.300E+0	63.9692E-9
117.350E+0	-138.000E+0	53.2961E-9	19.9933E+3	117.350E+0	64.0328E-9
117.400E+0	-138.000E+0	53.3947E-9	21.2267E+3	117.400E+0	64.1512E-9
117.450E+0	-138.000E+0	53.3688E-9	20.4400E+3	117.450E+0	64.1197E-9
117.500E+0	-138.000E+0	53.3468E-9	20.2300E+3	117.500E+0	64.0927E-9
117.550E+0	-138.000E+0	53.2861E-9	20.9567E+3	117.550E+0	64.0201E-9
117.600E+0	-138.000E+0	53.3273E-9	19.9600E+3	117.600E+0	64.0703E-9
117.650E+0	-138.000E+0	53.3690E-9	22.8533E+3	117.650E+0	64.1227E-9
117.700E+0	-138.000E+0	53.2896E-9	20.3700E+3	117.700E+0	64.0246E-9
117.750E+0	-138.000E+0	53.3553E-9	21.3500E+3	117.750E+0	64.1046E-9
117.800E+0	-138.000E+0	53.2645E-9	21.8600E+3	117.800E+0	63.9945E-9
117.850E+0	-138.000E+0	53.3385E-9	20.9433E+3	117.850E+0	64.0853E-9
117.900E+0	-138.000E+0	53.4244E-9	22.5533E+3	117.900E+0	64.1933E-9
117.950E+0	-138.000E+0	53.2933E-9	20.8933E+3	117.950E+0	64.0268E-9
118.000E+0	-138.000E+0	53.3552E-9	23.1933E+3	118.000E+0	64.1059E-9
118.050E+0	-138.000E+0	53.2660E-9	23.4800E+3	118.050E+0	64.0003E-9
118.100E+0	-138.000E+0	53.2577E-9	22.7500E+3	118.100E+0	63.9881E-9
118.150E+0	-138.000E+0	53.2426E-9	22.6867E+3	118.150E+0	63.9658E-9
118.200E+0	-138.000E+0	53.3031E-9	23.6700E+3	118.200E+0	64.0407E-9
118.250E+0	-138.000E+0	53.2625E-9	23.3033E+3	118.250E+0	63.9903E-9
118.300E+0	-138.000E+0	53.2609E-9	22.5900E+3	118.300E+0	63.9938E-9
118.350E+0	-138.000E+0	53.2036E-9	25.0133E+3	118.350E+0	63.9189E-9
118.400E+0	-138.000E+0	53.3778E-9	23.7233E+3	118.400E+0	64.1314E-9
118.450E+0	-138.000E+0	53.2772E-9	25.1600E+3	118.450E+0	64.0127E-9
118.500E+0	-138.000E+0	53.1948E-9	24.8233E+3	118.500E+0	63.9109E-9
118.550E+0	-138.000E+0	53.1901E-9	24.7500E+3	118.550E+0	63.9113E-9
118.600E+0	-138.000E+0	53.2720E-9	24.8833E+3	118.600E+0	64.0067E-9
118.650E+0	-138.000E+0	53.2310E-9	26.0667E+3	118.650E+0	63.9549E-9
118.700E+0	-138.000E+0	53.3860E-9	26.4767E+3	118.700E+0	64.1425E-9
118.750E+0	-138.000E+0	53.3175E-9	27.2167E+3	118.750E+0	64.0588E-9
118.800E+0	-138.000E+0	53.3888E-9	27.4933E+3	118.800E+0	64.1451E-9
118.850E+0	-138.000E+0	53.2577E-9	28.6600E+3	118.850E+0	63.9828E-9
118.900E+0	-138.000E+0	53.2954E-9	26.9800E+3	118.900E+0	64.0312E-9
118.950E+0	-138.000E+0	53.3233E-9	27.6400E+3	118.950E+0	64.0670E-9
119.000E+0	-138.000E+0	53.3294E-9	29.4767E+3	119.000E+0	64.0763E-9
119.050E+0	-138.000E+0	53.2786E-9	27.3633E+3	119.050E+0	64.0110E-9
119.100E+0	-138.000E+0	53.3486E-9	28.3467E+3	119.100E+0	64.1010E-9
119.150E+0	-138.000E+0	53.3314E-9	31.2367E+3	119.150E+0	64.0784E-9
119.200E+0	-138.000E+0	53.4224E-9	28.6467E+3	119.200E+0	64.1878E-9
119.250E+0	-138.000E+0	53.3176E-9	29.4133E+3	119.250E+0	64.0595E-9
119.300E+0	-138.000E+0	53.4208E-9	30.5433E+3	119.300E+0	64.1850E-9
119.350E+0	-138.000E+0	53.4085E-9	32.1033E+3	119.350E+0	64.1695E-9
119.400E+0	-138.000E+0	53.3398E-9	30.5233E+3	119.400E+0	64.0920E-9
119.450E+0	-138.000E+0	53.3821E-9	33.3067E+3	119.450E+0	64.1391E-9
119.500E+0	-138.000E+0	53.2731E-9	29.5000E+3	119.500E+0	64.0063E-9
119.550E+0	-138.000E+0	53.3822E-9	33.6967E+3	119.550E+0	64.1424E-9
119.600E+0	-138.000E+0	53.3477E-9	33.7567E+3	119.600E+0	64.0959E-9
119.650E+0	-138.000E+0	53.4139E-9	35.3400E+3	119.650E+0	64.1777E-9
119.700E+0	-138.000E+0	53.4139E-9	35.3167E+3	119.700E+0	64.1751E-9
119.750E+0	-138.000E+0	53.4886E-9	36.0833E+3	119.750E+0	64.2651E-9
119.800E+0	-138.000E+0	53.4504E-9	35.4733E+3	119.800E+0	64.2210E-9
119.850E+0	-138.000E+0	53.4887E-9	35.6933E+3	119.850E+0	64.2676E-9
119.900E+0	-138.000E+0	53.4421E-9	37.7667E+3	119.900E+0	64.2140E-9
119.950E+0	-138.000E+0	53.3897E-9	39.9000E+3	119.950E+0	64.1480E-9
120.000E+0	-138.000E+0	53.3661E-9	35.6800E+3	120.000E+0	64.1201E-9
120.050E+0	-138.000E+0	53.3548E-9	39.1133E+3	120.050E+0	64.1068E-9
120.100E+0	-138.000E+0	53.3601E-9	40.0133E+3	120.100E+0	64.1099E-9
120.150E+0	-138.000E+0	53.3850E-9	38.1833E+3	120.150E+0	64.1439E-9
120.200E+0	-138.000E+0	53.4168E-9	39.8033E+3	120.200E+0	64.1803E-9
120.250E+0	-138.000E+0	53.3881E-9	40.5267E+3	120.250E+0	64.1462E-9
120.300E+0	-138.000E+0	53.2989E-9	40.7067E+3	120.300E+0	64.0375E-9
120.350E+0	-138.000E+0	53.2908E-9	41.6967E+3	120.350E+0	64.0258E-9
120.400E+0	-138.000E+0	54.3403E-9	40.7533E+3	120.400E+0	65.2855E-9
120.450E+0	-138.000E+0	54.2755E-9	40.0800E+3	120.450E+0	65.2116E-9
120.500E+0	-138.000E+0	54.2974E-9	43.8500E+3	120.500E+0	65.2359E-9
120.550E+0	-138.000E+0	54.3604E-9	44.2033E+3	120.550E+0	65.3085E-9
120.600E+0	-138.000E+0	54.3500E-9	44.2567E+3	120.600E+0	65.2958E-9
120.650E+0	-138.000E+0	54.2654E-9	43.8133E+3	120.650E+0	65.1956E-9
120.700E+0	-138.000E+0	54.1718E-9	43.9633E+3	120.700E+0	65.0820E-9
120.750E+0	-138.000E+0	54.3608E-9	44.8633E+3	120.750E+0	65.3083E-9
120.800E+0	-138.000E+0	54.3728E-9	46.4067E+3	120.800E+0	65.3253E-9
120.850E+0	-138.000E+0	54.1527E-9	47.3000E+3	120.850E+0	65.0599E-9
120.900E+0	-138.000E+0	54.1611E-9	49.1467E+3	120.900E+0	65.0726E-9
120.950E+0	-138.000E+0	54.1508E-9	48.1733E+3	120.950E+0	65.0534E-9
121.000E+0	-138.000E+0	54.3056E-9	47.0633E+3	121.000E+0	65.2459E-9
121.050E+0	-138.000E+0	54.2437E-9	47.9833E+3	121.050E+0	65.1743E-9
121.100E+0	-138.000E+0	54.3320E-9	47.6433E+3	121.100E+0	65.2793E-9
121.150E+0	-138.000E+0	54.3211E-9	48.7433E+3	121.150E+0	65.2669E-9
121.200E+0	-138.000E+0	54.2767E-9	51.4167E+3	121.200E+0	65.2108E-9
121.250E+0	-138.000E+0	54.2856E-9	49.4933E+3	121.250E+0	65.2232E-9
121.300E+0	-138.000E+0	54.3052E-9	52.1500E+3	121.300E+0	65.2385E-9
121.350E+0	-138.000E+0	54.2849E-9	51.3533E+3	121.350E+0	65.2237E-9
121.400E+0	-138.000E+0	54.2398E-9	49.6100E+3	121.400E+0	65.1683E-9
121.450E+0	-138.000E+0	54.2007E-9	51.3500E+3	121.450E+0	65.1181E-9
121.500E+0	-138.000E+0	54.2785E-9	55.3100E+3	121.500E+0	65.2123E-9
121.550E+0	-138.000E+0	54.3911E-9	52.9400E+3	121.550E+0	65.3494E-9
121.600E+0	-138.000E+0	54.4300E-9	53.1267E+3	121.600E+0	65.3956E-9
121.650E+0	-138.000E+0	54.5305E-9	55.6733E+3	121.650E+0	65.5215E-9
121.700E+0	-138.000E+0	54.2205E-9	56.2233E+3	121.700E+0	65.1407E-9
121.750E+0	-138.000E+0	54.3212E-9	52.8000E+3	121.750E+0	65.2612E-9
121.800E+0	-138.000E+0	54.2195E-9	54.0100E+3	121.800E+0	65.1426E-9
121.850E+0	-138.000E+0	54.2972E-9	54.2033E+3	121.850E+0	65.2366E-9
121.900E+0	-138.000E+0	54.2509E-9	57.6633E+3	121.900E+0	65.1755E-9
121.950E+0	-138.000E+0	54.3846E-9	57.9400E+3	121.950E+0	65.3412E-9
122.000E+0	-138.000E+0	54.3339E-9	54.7833E+3	122.000E+0	65.2768E-9
122.050E+0	-138.000E+0	54.3277E-9	55.8833E+3	122.050E+0	65.2743E-9
122.100E+0	-138.000E+0	54.2178E-9	55.9167E+3	122.100E+0	65.1350E-9
122.150E+0	-138.000E+0	54.2983E-9	55.9900E+3	122.150E+0	65.2366E-9
122.200E+0	-138.000E+0	54.3226E-9	56.2833E+3	122.200E+0	65.2666E-9
122.250E+0	-138.000E+0	54.2601E-9	53.5733E+3	122.250E+0	65.1892E-9
122.300E+0	-138.000E+0	54.2567E-9	53.0867E+3	122.300E+0	65.1892E-9
122.350E+0	-138.000E+0	54.3066E-9	52.5367E+3	122.350E+0	65.2457E-9
122.400E+0	-138.000E+0	54.2528E-9	53.3533E+3	122.400E+0	65.1801E-9
122.450E+0	-138.000E+0	54.2736E-9	54.3333E+3	122.450E+0	65.2028E-9
122.500E+0	-138.000E+0	54.3520E-9	55.8567E+3	122.500E+0	65.2999E-9
122.550E+0	-138.000E+0	54.2350E-9	55.6667E+3	122.550E+0	65.1565E-9
122.600E+0	-138.000E+0	54.2021E-9	53.1933E+3	122.600E+0	65.1158E-9
122.650E+0	-138.000E+0	54.2550E-9	51.8067E+3	122.650E+0	65.1777E-9
122.700E+0	-138.000E+0	54.2186E-9	54.3200E+3	122.700E+0	65.1363E-9
122.750E+0	-138.000E+0	54.2394E-9	53.5233E+3	122.750E+0	65.1603E-9
122.800E+0	-138.000E+0	54.2301E-9	50.5567E+3	122.800E+0	65.1576E-9
122.850E+0	-138.000E+0	54.1998E-9	51.2367E+3	122.850E+0	65.1156E-9
122.900E+0	-138.000E+0	54.2145E-9	51.0233E+3	122.900E+0	65.1354E-9
122.950E+0	-138.000E+0	54.3241E-9	51.0733E+3	122.950E+0	65.2644E-9
123.000E+0	-138.000E+0	54.2679E-9	52.7467E+3	123.000E+0	65.1988E-9
123.050E+0	-138.000E+0	54.2522E-9	49.7133E+3	123.050E+0	65.1756E-9
123.100E+0	-138.000E+0	54.2240E-9	50.7333E+3	123.100E+0	65.1454E-9
123.150E+0	-138.000E+0	54.2706E-9	49.0167E+3	123.150E+0	65.1992E-9
123.200E+0	-138.000E+0	54.2692E-9	49.6733E+3	123.200E+0	65.1968E-9
123.250E+0	-138.000E+0	54.2319E-9	49.3033E+3	123.250E+0	65.1534E-9
123.300E+0	-138.000E+0	54.2323E-9	49.5700E+3	123.300E+0	65.1584E-9
123.350E+0	-138.000E+0	54.2679E-9	47.3800E+3	123.350E+0	65.1960E-9
123.400E+0	-138.000E+0	54.2311E-9	47.3467E+3	123.400E+0	65.1499E-9
123.450E+0	-138.000E+0	54.2304E-9	46.4800E+3	123.450E+0	65.1534E-9
123.500E+0	-138.000E+0	54.2497E-9	45.3967E+3	123.500E+0	65.1767E-9
123.550E+0	-138.000E+0	54.2674E-9	45.5800E+3	123.550E+0	65.1960E-9
123.600E+0	-138.000E+0	54.2585E-9	44.5767E+3	123.600E+0	65.1855E-9
123.650E+0	-138.000E+0	54.3484E-9	46.4600E+3	123.650E+0	65.2978E-9
123.700E+0	-138.000E+0	54.4893E-9	44.7367E+3	123.700E+0	65.4683E-9
123.750E+0	-138.000E+0	54.2906E-9	44.6467E+3	123.750E+0	65.2239E-9
123.800E+0	-138.000E+0	54.2721E-9	46.2633E+3	123.800E+0	65.2053E-9
123.850E+0	-138.000E+0	54.3169E-9	44.3500E+3	123.850E+0	65.2584E-9
123.900E+0	-138.000E+0	54.2658E-9	42.9800E+3	123.900E+0	65.1974E-9
123.950E+0	-138.000E+0	54.2933E-9	41.2000E+3	123.950E+0	65.2287E-9
124.000E+0	-138.000E+0	54.2034E-9	41.9433E+3	124.000E+0	65.1207E-9
124.050E+0	-138.000E+0	54.3988E-9	41.4800E+3	124.050E+0	65.3570E-9
124.100E+0	-138.000E+0	54.3756E-9	40.9300E+3	124.100E+0	65.3307E-9
124.150E+0	-138.000E+0	54.4344E-9	42.9900E+3	124.150E+0	65.3971E-9
124.200E+0	-138.000E+0	54.3038E-9	41.4100E+3	124.200E+0	65.2430E-9
124.250E+0	-138.000E+0	54.2647E-9	42.6533E+3	124.250E+0	65.1939E-9
124.300E+0	-138.000E+0	54.2553E-9	41.6733E+3	124.300E+0	65.1843E-9
124.350E+0	-138.000E+0	54.2715E-9	41.5733E+3	124.350E+0	65.1992E-9
124.400E+0	-138.000E+0	54.2889E-9	41.9200E+3	124.400E+0	65.2223E-9
124.450E+0	-138.000E+0	54.3414E-9	40.5667E+3	124.450E+0	65.2894E-9
124.500E+0	-138.000E+0	54.3109E-9	38.8533E+3	124.500E+0	65.2533E-9
124.550E+0	-138.000E+0	54.2126E-9	40.2733E+3	124.550E+0	65.1331E-9
124.600E+0	-138.000E+0	54.1999E-9	39.8733E+3	124.600E+0	65.1104E-9
124.650E+0	-138.000E+0	54.3406E-9	44.9067E+3	124.650E+0	65.2861E-9
124.700E+0	-138.000E+0	54.2853E-9	41.5000E+3	124.700E+0	65.2228E-9
124.750E+0	-138.000E+0	54.2235E-9	41.8500E+3	124.750E+0	65.1429E-9
124.800E+0	-138.000E+0	54.3342E-9	41.2300E+3	124.800E+0	65.2817E-9
124.850E+0	-138.000E+0	54.3772E-9	39.2867E+3	124.850E+0	65.3313E-9
124.900E+0	-138.000E+0	54.3395E-9	40.3200E+3	124.900E+0	65.2870E-9
124.950E+0	-138.000E+0	54.1775E-9	40.3767E+3	124.950E+0	65.0899E-9
125.000E+0	-138.000E+0	54.3545E-9	40.9833E+3	125.000E+0	65.3066E-9
125.050E+0	-138.000E+0	54.2988E-9	42.5167E+3	125.050E+0	65.2375E-9
125.100E+0	-138.000E+0	54.4301E-9	40.7300E+3	125.100E+0	65.3966E-9
125.150E+0	-138.000E+0	54.3152E-9	43.0600E+3	125.150E+0	65.2529E-9
125.200E+0	-138.000E+0	54.2634E-9	41.7433E+3	125.200E+0	65.1915E-9
125.250E+0	-138.000E+0	54.3922E-9	41.6800E+3	125.250E+0	65.3466E-9
125.300E+0	-138.000E+0	54.3482E-9	44.7800E+3	125.300E+0	65.2990E-9
125.350E+0	-138.000E+0	54.3644E-9	41.8900E+3	125.350E+0	65.3140E-9
125.400E+0	-138.000E+0	54.3355E-9	43.6600E+3	125.400E+0	65.2784E-9
125.450E+0	-138.000E+0	54.3162E-9	44.2167E+3	125.450E+0	65.2565E-9
125.500E+0	-138.000E+0	54.3361E-9	45.4667E+3	125.500E+0	65.2761E-9
125.550E+0	-138.000E+0	54.3392E-9	45.7433E+3	125.550E+0	65.2821E-9
125.600E+0	-138.000E+0	54.3399E-9	47.1667E+3	125.600E+0	65.2820E-9
125.650E+0	-138.000E+0	54.3050E-9	44.9533E+3	125.650E+0	65.2448E-9
125.700E+0	-138.000E+0	54.2457E-9	47.1900E+3	125.700E+0	65.1720E-9
125.750E+0	-138.000E+0	54.4471E-9	47.4300E+3	125.750E+0	65.4149E-9
125.800E+0	-138.000E+0	54.4014E-9	48.9233E+3	125.800E+0	65.3582E-9
125.850E+0	-138.000E+0	54.3645E-9	48.8833E+3	125.850E+0	65.3149E-9
125.900E+0	-138.000E+0	54.3284E-9	49.2033E+3	125.900E+0	65.2757E-9
125.950E+0	-138.000E+0	54.3460E-9	49.7200E+3	125.950E+0	65.2964E-9
126.000E+0	-138.000E+0	54.3725E-9	51.5767E+3	126.000E+0	65.3294E-9
126.050E+0	-138.000E+0	54.3553E-9	54.3233E+3	126.050E+0	65.3059E-9
126.100E+0	-138.000E+0	54.3914E-9	55.0967E+3	126.100E+0	65.3515E-9
126.150E+0	-138.000E+0	54.2252E-9	57.3667E+3	126.150E+0	65.1473E-9
126.200E+0	-138.000E+0	54.3682E-9	59.6600E+3	126.200E+0	65.3233E-9
126.250E+0	-138.000E+0	54.3798E-9	62.2467E+3	126.250E+0	65.3394E-9
126.300E+0	-138.000E+0	54.3839E-9	66.3567E+3	126.300E+0	65.3420E-9
126.350E+0	-138.000E+0	54.2938E-9	69.9500E+3	126.350E+0	65.2290E-9
126.400E+0	-138.000E+0	54.3856E-9	72.9600E+3	126.400E+0	65.3433E-9
126.450E+0	-138.000E+0	54.4659E-9	75.6200E+3	126.450E+0	65.4469E-9
126.500E+0	-138.000E+0	54.4528E-9	81.8233E+3	126.500E+0	65.4239E-9
126.550E+0	-138.000E+0	54.3671E-9	87.0400E+3	126.550E+0	65.3219E-9
126.600E+0	-138.000E+0	54.3655E-9	97.5600E+3	126.600E+0	65.3117E-9
126.650E+0	-138.000E+0	54.4693E-9	102.337E+3	126.650E+0	65.4427E-9
126.700E+0	-138.000E+0	56.7918E-9	117.607E+3	126.700E+0	68.2347E-9
126.750E+0	-138.000E+0	56.8208E-9	126.940E+3	126.750E+0	68.2666E-9
126.800E+0	-138.000E+0	56.7951E-9	134.667E+3	126.800E+0	68.2390E-9
126.850E+0	-138.000E+0	56.9182E-9	146.160E+3	126.850E+0	68.3820E-9
126.900E+0	-138.000E+0	56.8440E-9	155.123E+3	126.900E+0	68.2985E-9
126.950E+0	-138.000E+0	56.8035E-9	167.123E+3	126.950E+0	68.2493E-9
127.000E+0	-138.000E+0	56.8706E-9	181.763E+3	127.000E+0	68.3248E-9
127.050E+0	-138.000E+0	56.9472E-9	197.340E+3	127.050E+0	68.4192E-9
127.100E+0	-138.000E+0	56.8255E-9	213.453E+3	127.100E+0	68.2775E-9
127.150E+0	-138.000E+0	54.5782E-9	263.440E+3	127.150E+0	65.5729E-9
127.200E+0	-138.000E+0	54.3823E-9	276.293E+3	127.200E+0	65.3407E-9
127.250E+0	-138.000E+0	54.3604E-9	296.463E+3	127.250E+0	65.3082E-9
127.300E+0	-138.000E+0	54.4837E-9	304.520E+3	127.300E+0	65.4612E-9
127.350E+0	-138.000E+0	54.3945E-9	320.413E+3	127.350E+0	65.3509E-9
127.400E+0	-138.000E+0	54.5230E-9	330.623E+3	127.400E+0	65.5082E-9
127.450E+0	-138.000E+0	54.4264E-9	340.340E+3	127.450E+0	65.3893E-9
127.500E+0	-138.000E+0	54.4890E-9	349.743E+3	127.500E+0	65.4619E-9
127.550E+0	-138.000E+0	54.5941E-9	369.827E+3	127.550E+0	65.5922E-9
127.600E+0	-138.000E+0	54.5484E-9	378.627E+3	127.600E+0	65.5404E-9
127.650E+0	-138.000E+0	54.5936E-9	396.497E+3	127.650E+0	65.5949E-9
127.700E+0	-138.000E+0	54.6751E-9	403.010E+3	127.700E+0	65.6949E-9
127.750E+0	-138.000E+0	54.6013E-9	412.030E+3	127.750E+0	65.6016E-9
127.800E+0	-138.000E+0	54.4996E-9	421.550E+3	127.800E+0	65.4794E-9
127.850E+0	-138.000E+0	54.5729E-9	432.967E+3	127.850E+0	65.5682E-9
127.900E+0	-138.000E+0	54.6164E-9	448.167E+3	127.900E+0	65.6196E-9
127.950E+0	-138.000E+0	54.6020E-9	465.587E+3	127.950E+0	65.6033E-9
128.000E+0	-138.000E+0	54.5720E-9	476.030E+3	128.000E+0	65.5659E-9
128.050E+0	-138.000E+0	54.6037E-9	485.923E+3	128.050E+0	65.6049E-9
128.100E+0	-138.000E+0	54.5315E-9	492.640E+3	128.100E+0	65.5149E-9
128.150E+0	-138.000E+0	54.6211E-9	501.323E+3	128.150E+0	65.6329E-9
128.200E+0	-138.000E+0	54.6823E-9	512.400E+3	128.200E+0	65.7081E-9
128.250E+0	-138.000E+0	54.6978E-9	526.870E+3	128.250E+0	65.7214E-9
128.300E+0	-138.000E+0	54.6007E-9	520.237E+3	128.300E+0	65.6071E-9
128.350E+0	-138.000E+0	54.5948E-9	525.437E+3	128.350E+0	65.5964E-9
128.400E+0	-138.000E+0	54.6301E-9	532.920E+3	128.400E+0	65.6383E-9
128.450E+0	-138.000E+0	54.6326E-9	543.880E+3	128.450E+0	65.6484E-9
128.500E+0	-138.000E+0	54.5668E-9	557.663E+3	128.500E+0	65.5667E-9
128.550E+0	-138.000E+0	54.5635E-9	552.267E+3	128.550E+0	65.5500E-9
128.600E+0	-138.000E+0	54.6240E-9	562.620E+3	128.600E+0	65.6315E-9
128.650E+0	-138.000E+0	54.6414E-9	566.533E+3	128.650E+0	65.6528E-9
128.700E+0	-138.000E+0	54.4240E-9	567.543E+3	128.700E+0	65.3849E-9
128.750E+0	-138.000E+0	54.4174E-9	563.297E+3	128.750E+0	65.3791E-9
128.800E+0	-138.000E+0	54.5179E-9	561.020E+3	128.800E+0	65.5042E-9
128.850E+0	-138.000E+0	54.5638E-9	550.643E+3	128.850E+0	65.5577E-9
128.900E+0	-138.000E+0	54.4819E-9	554.757E+3	128.900E+0	65.4636E-9
128.950E+0	-138.000E+0	54.4805E-9	543.240E+3	128.950E+0	65.4557E-9
129.000E+0	-138.000E+0	54.5701E-9	537.687E+3	129.000E+0	65.5628E-9
129.050E+0	-138.000E+0	54.5629E-9	522.377E+3	129.050E+0	65.5581E-9
129.100E+0	-138.000E+0	54.4465E-9	510.483E+3	129.100E+0	65.4176E-9
129.150E+0	-138.000E+0	54.4405E-9	500.143E+3	129.150E+0	65.4081E-9
129.200E+0	-138.000E+0	54.5154E-9	485.050E+3	129.200E+0	65.4961E-9
129.250E+0	-138.000E+0	54.4157E-9	467.460E+3	129.250E+0	65.3783E-9
129.300E+0	-138.000E+0	54.5324E-9	451.113E+3	129.300E+0	65.5231E-9
129.350E+0	-138.000E+0	54.4727E-9	428.363E+3	129.350E+0	65.4391E-9
129.400E+0	-138.000E+0	54.6770E-9	409.800E+3	129.400E+0	65.6942E-9
129.450E+0	-138.000E+0	54.7202E-9	391.527E+3	129.450E+0	65.7490E-9
129.500E+0	-138.000E+0	54.6274E-9	366.110E+3	129.500E+0	65.6365E-9
129.550E+0	-138.000E+0	54.5999E-9	340.723E+3	129.550E+0	65.5999E-9
129.600E+0	-138.000E+0	54.5884E-9	319.010E+3	129.600E+0	65.5862E-9
129.650E+0	-138.000E+0	54.5800E-9	290.580E+3	129.650E+0	65.5757E-9
129.700E+0	-138.000E+0	54.5801E-9	263.590E+3	129.700E+0	65.5777E-9
129.750E+0	-138.000E+0	54.4920E-9	245.560E+3	129.750E+0	65.4682E-9
129.800E+0	-138.000E+0	54.5549E-9	221.383E+3	129.800E+0	65.5437E-9
129.850E+0	-138.000E+0	54.5253E-9	196.050E+3	129.850E+0	65.5088E-9
129.900E+0	-138.000E+0	54.5622E-9	176.390E+3	129.900E+0	65.5547E-9
129.950E+0	-138.000E+0	54.6417E-9	156.010E+3	129.950E+0	65.6531E-9
130.000E+0	-138.000E+0	54.6613E-9	131.433E+3	130.000E+0	65.6748E-9
130.050E+0	-138.000E+0	54.5575E-9	117.643E+3	130.050E+0	65.5494E-9
130.100E+0	-138.000E+0	54.5724E-9	101.093E+3	130.100E+0	65.5679E-9
130.150E+0	-138.000E+0	54.5306E-9	88.5267E+3	130.150E+0	65.5167E-9
130.200E+0	-138.000E+0	54.5538E-9	78.9567E+3	130.200E+0	65.5450E-9
130.250E+0	-138.000E+0	54.5390E-9	67.4233E+3	130.250E+0	65.5292E-9
130.300E+0	-138.000E+0	54.5606E-9	59.2933E+3	130.300E+0	65.5501E-9
130.350E+0	-138.000E+0	54.5770E-9	55.6000E+3	130.350E+0	65.5766E-9
130.400E+0	-138.000E+0	54.5426E-9	45.6967E+3	130.400E+0	65.5335E-9
130.450E+0	-138.000E+0	54.5491E-9	41.7933E+3	130.450E+0	65.5366E-9
130.500E+0	-138.000E+0	54.5786E-9	33.7267E+3	130.500E+0	65.5710E-9
130.550E+0	-138.000E+0	54.4923E-9	31.0233E+3	130.550E+0	65.4690E-9
130.600E+0	-138.000E+0	54.4760E-9	23.5367E+3	130.600E+0	65.4538E-9
130.650E+0	-138.000E+0	54.4990E-9	19.7233E+3	130.650E+0	65.4792E-9
130.700E+0	-138.000E+0	54.5801E-9	13.7800E+3	130.700E+0	65.5816E-9
130.750E+0	-138.000E+0	54.5412E-9	10.1333E+3	130.750E+0	65.5305E-9
130.800E+0	-138.000E+0	54.5694E-9	7.45667E+3	130.800E+0	65.5646E-9
130.850E+0	-138.000E+0	54.5546E-9	5.42667E+3	130.850E+0	65.5443E-9
130.900E+0	-138.000E+0	54.6244E-9	3.39333E+3	130.900E+0	65.6253E-9
130.950E+0	-138.000E+0	54.6101E-9	2.29667E+3	130.950E+0	65.6109E-9
131.000E+0	-138.000E+0	54.6346E-9	1.66000E+3	131.000E+0	65.6437E-9
131.050E+0	-138.000E+0	54.5320E-9	966.667E+0	131.050E+0	65.5196E-9
131.100E+0	-138.000E+0	54.1497E-9	990.000E+0	131.100E+0	65.0584E-9
131.150E+0	-138.000E+0	54.0244E-9	500.000E+0	131.150E+0	64.9033E-9
131.200E+0	-138.000E+0	54.0246E-9	593.333E+0	131.200E+0	64.9065E-9
131.250E+0	-138.000E+0	54.5371E-9	570.000E+0	131.250E+0	65.5228E-9
131.300E+0	-138.000E+0	54.5835E-9	313.333E+0	131.300E+0	65.5787E-9
131.350E+0	-138.000E+0	54.5997E-9	196.667E+0	131.350E+0	65.6021E-9
131.400E+0	-138.000E+0	54.5207E-9	403.333E+0	131.400E+0	65.5078E-9
131.450E+0	-138.000E+0	54.5102E-9	160.000E+0	131.450E+0	65.4961E-9
131.500E+0	-138.000E+0	54.5583E-9	106.667E+0	131.500E+0	65.5526E-9
131.550E+0	-138.000E+0	54.5195E-9	133.333E+0	131.550E+0	65.5064E-9
131.600E+0	-138.000E+0	54.6237E-9	190.000E+0	131.600E+0	65.6314E-9
131.650E+0	-138.000E+0	54.6582E-9	136.667E+0	131.650E+0	65.6715E-9
131.700E+0	-138.000E+0	54.5491E-9	113.333E+0	131.700E+0	65.5383E-9
131.750E+0	-138.000E+0	54.5434E-9	80.0000E+0	131.750E+0	65.5345E-9
131.800E+0	-138.000E+0	54.5222E-9	90.0000E+0	131.800E+0	65.5085E-9
131.850E+0	-138.000E+0	54.6880E-9	70.0000E+0	131.850E+0	65.7141E-9
131.900E+0	-138.000E+0	54.6406E-9	113.333E+0	131.900E+0	65.6538E-9
131.950E+0	-138.000E+0	54.6131E-9	80.0000E+0	131.950E+0	65.6195E-9
132.000E+0	-138.000E+0	54.6915E-9	83.3333E+0	132.000E+0	65.7170E-9
