Experiment	Sweep	
Date	30.09.2022 15:06:28	
User		
X (m)	0.000000E+0	
Y (m)	0.000000E+0	
Comment01	FWD, plasmons, Vtip = -136. xyz default	

[DATA]
BB Back Bias (V)	Bias (V)	Current (A)	BBX (Hz)	BB Back Bias (V)	Tip Current (A)
86.0000E+0	-136.000E+0	46.0278E-9	3.62333E+3	86.0000E+0	55.1980E-9
86.0500E+0	-136.000E+0	46.0578E-9	4.49000E+3	86.0500E+0	55.2301E-9
86.1000E+0	-136.000E+0	46.0611E-9	3.97000E+3	86.1000E+0	55.2399E-9
86.1500E+0	-136.000E+0	46.0177E-9	4.56333E+3	86.1500E+0	55.1834E-9
86.2000E+0	-136.000E+0	46.0200E-9	4.30667E+3	86.2000E+0	55.1882E-9
86.2500E+0	-136.000E+0	46.0850E-9	3.96000E+3	86.2500E+0	55.2628E-9
86.3000E+0	-136.000E+0	46.0510E-9	4.44333E+3	86.3000E+0	55.2264E-9
86.3500E+0	-136.000E+0	46.1352E-9	4.25333E+3	86.3500E+0	55.3242E-9
86.4000E+0	-136.000E+0	46.0958E-9	4.61333E+3	86.4000E+0	55.2742E-9
86.4500E+0	-136.000E+0	46.1520E-9	4.29333E+3	86.4500E+0	55.3469E-9
86.5000E+0	-136.000E+0	46.1360E-9	3.86000E+3	86.5000E+0	55.3228E-9
86.5500E+0	-136.000E+0	46.1122E-9	4.15667E+3	86.5500E+0	55.2989E-9
86.6000E+0	-136.000E+0	46.1230E-9	4.52333E+3	86.6000E+0	55.3100E-9
86.6500E+0	-136.000E+0	46.1434E-9	5.07333E+3	86.6500E+0	55.3338E-9
86.7000E+0	-136.000E+0	46.0888E-9	3.49333E+3	86.7000E+0	55.2684E-9
86.7500E+0	-136.000E+0	46.1034E-9	4.25000E+3	86.7500E+0	55.2889E-9
86.8000E+0	-136.000E+0	46.1223E-9	4.61333E+3	86.8000E+0	55.3089E-9
86.8500E+0	-136.000E+0	46.0904E-9	4.59333E+3	86.8500E+0	55.2660E-9
86.9000E+0	-136.000E+0	46.0984E-9	4.53333E+3	86.9000E+0	55.2809E-9
86.9500E+0	-136.000E+0	46.1206E-9	3.87333E+3	86.9500E+0	55.3117E-9
87.0000E+0	-136.000E+0	46.0688E-9	4.17333E+3	87.0000E+0	55.2459E-9
87.0500E+0	-136.000E+0	46.1274E-9	4.42333E+3	87.0500E+0	55.3086E-9
87.1000E+0	-136.000E+0	46.1065E-9	4.57667E+3	87.1000E+0	55.2892E-9
87.1500E+0	-136.000E+0	46.1519E-9	4.57667E+3	87.1500E+0	55.3429E-9
87.2000E+0	-136.000E+0	46.1410E-9	4.26333E+3	87.2000E+0	55.3308E-9
87.2500E+0	-136.000E+0	46.1364E-9	4.27000E+3	87.2500E+0	55.3259E-9
87.3000E+0	-136.000E+0	46.0556E-9	4.17333E+3	87.3000E+0	55.2294E-9
87.3500E+0	-136.000E+0	46.1332E-9	4.00667E+3	87.3500E+0	55.3199E-9
87.4000E+0	-136.000E+0	45.9644E-9	3.81667E+3	87.4000E+0	55.1167E-9
87.4500E+0	-136.000E+0	46.0298E-9	4.55333E+3	87.4500E+0	55.1951E-9
87.5000E+0	-136.000E+0	46.0979E-9	4.27333E+3	87.5000E+0	55.2806E-9
87.5500E+0	-136.000E+0	46.0938E-9	4.09333E+3	87.5500E+0	55.2723E-9
87.6000E+0	-136.000E+0	46.1030E-9	3.48667E+3	87.6000E+0	55.2872E-9
87.6500E+0	-136.000E+0	46.1235E-9	4.06000E+3	87.6500E+0	55.3114E-9
87.7000E+0	-136.000E+0	46.1522E-9	4.28667E+3	87.7000E+0	55.3453E-9
87.7500E+0	-136.000E+0	46.1145E-9	4.16667E+3	87.7500E+0	55.3007E-9
87.8000E+0	-136.000E+0	46.1369E-9	4.02000E+3	87.8000E+0	55.3268E-9
87.8500E+0	-136.000E+0	46.1284E-9	4.09333E+3	87.8500E+0	55.3180E-9
87.9000E+0	-136.000E+0	46.1173E-9	4.41667E+3	87.9000E+0	55.3066E-9
87.9500E+0	-136.000E+0	46.0892E-9	3.90667E+3	87.9500E+0	55.2706E-9
88.0000E+0	-136.000E+0	46.1229E-9	4.09333E+3	88.0000E+0	55.3166E-9
88.0500E+0	-136.000E+0	46.1192E-9	3.49333E+3	88.0500E+0	55.3097E-9
88.1000E+0	-136.000E+0	46.0888E-9	4.20333E+3	88.1000E+0	55.2706E-9
88.1500E+0	-136.000E+0	46.0917E-9	4.09667E+3	88.1500E+0	55.2768E-9
88.2000E+0	-136.000E+0	46.2216E-9	3.93667E+3	88.2000E+0	55.4280E-9
88.2500E+0	-136.000E+0	46.1971E-9	4.17667E+3	88.2500E+0	55.3974E-9
88.3000E+0	-136.000E+0	46.2427E-9	4.39667E+3	88.3000E+0	55.4551E-9
88.3500E+0	-136.000E+0	46.2217E-9	3.58333E+3	88.3500E+0	55.4318E-9
88.4000E+0	-136.000E+0	46.1886E-9	4.27333E+3	88.4000E+0	55.3893E-9
88.4500E+0	-136.000E+0	46.1549E-9	3.71667E+3	88.4500E+0	55.3545E-9
88.5000E+0	-136.000E+0	46.1064E-9	4.48000E+3	88.5000E+0	55.2921E-9
88.5500E+0	-136.000E+0	46.1220E-9	4.48000E+3	88.5500E+0	55.3102E-9
88.6000E+0	-136.000E+0	46.1185E-9	5.03667E+3	88.6000E+0	55.3090E-9
88.6500E+0	-136.000E+0	46.1918E-9	4.81667E+3	88.6500E+0	55.3943E-9
88.7000E+0	-136.000E+0	46.0782E-9	3.87000E+3	88.7000E+0	55.2555E-9
88.7500E+0	-136.000E+0	46.1742E-9	3.54667E+3	88.7500E+0	55.3725E-9
88.8000E+0	-136.000E+0	46.1824E-9	3.69333E+3	88.8000E+0	55.3832E-9
88.8500E+0	-136.000E+0	46.3274E-9	3.76333E+3	88.8500E+0	55.5578E-9
88.9000E+0	-136.000E+0	46.2272E-9	3.72667E+3	88.9000E+0	55.4354E-9
88.9500E+0	-136.000E+0	46.2356E-9	3.51667E+3	88.9500E+0	55.4425E-9
89.0000E+0	-136.000E+0	46.1407E-9	3.48333E+3	89.0000E+0	55.3358E-9
89.0500E+0	-136.000E+0	46.1072E-9	3.60667E+3	89.0500E+0	55.2960E-9
89.1000E+0	-136.000E+0	46.0560E-9	4.38667E+3	89.1000E+0	55.2274E-9
89.1500E+0	-136.000E+0	46.0368E-9	3.75667E+3	89.1500E+0	55.2079E-9
89.2000E+0	-136.000E+0	46.1252E-9	3.74667E+3	89.2000E+0	55.3138E-9
89.2500E+0	-136.000E+0	46.1122E-9	4.25000E+3	89.2500E+0	55.3036E-9
89.3000E+0	-136.000E+0	46.1562E-9	4.25667E+3	89.3000E+0	55.3494E-9
89.3500E+0	-136.000E+0	46.0509E-9	3.97000E+3	89.3500E+0	55.2206E-9
89.4000E+0	-136.000E+0	46.1117E-9	4.16000E+3	89.4000E+0	55.2969E-9
89.4500E+0	-136.000E+0	46.1050E-9	3.98000E+3	89.4500E+0	55.2844E-9
89.5000E+0	-136.000E+0	46.1294E-9	5.10333E+3	89.5000E+0	55.3136E-9
89.5500E+0	-136.000E+0	46.2107E-9	4.98333E+3	89.5500E+0	55.4176E-9
89.6000E+0	-136.000E+0	46.2163E-9	4.05000E+3	89.6000E+0	55.4248E-9
89.6500E+0	-136.000E+0	46.1881E-9	4.05000E+3	89.6500E+0	55.3882E-9
89.7000E+0	-136.000E+0	46.2014E-9	4.00333E+3	89.7000E+0	55.4055E-9
89.7500E+0	-136.000E+0	46.2070E-9	4.22333E+3	89.7500E+0	55.4113E-9
89.8000E+0	-136.000E+0	46.0929E-9	4.03333E+3	89.8000E+0	55.2717E-9
89.8500E+0	-136.000E+0	46.0994E-9	4.56667E+3	89.8500E+0	55.2823E-9
89.9000E+0	-136.000E+0	46.0973E-9	3.90000E+3	89.9000E+0	55.2795E-9
89.9500E+0	-136.000E+0	46.0885E-9	4.18333E+3	89.9500E+0	55.2664E-9
90.0000E+0	-136.000E+0	46.1113E-9	4.31333E+3	90.0000E+0	55.2951E-9
90.0500E+0	-136.000E+0	46.1480E-9	4.60000E+3	90.0500E+0	55.3410E-9
90.1000E+0	-136.000E+0	46.1311E-9	4.82333E+3	90.1000E+0	55.3206E-9
90.1500E+0	-136.000E+0	46.0970E-9	3.65667E+3	90.1500E+0	55.2769E-9
90.2000E+0	-136.000E+0	46.1534E-9	4.12000E+3	90.2000E+0	55.3485E-9
90.2500E+0	-136.000E+0	46.1842E-9	4.36667E+3	90.2500E+0	55.3855E-9
90.3000E+0	-136.000E+0	46.1155E-9	4.05333E+3	90.3000E+0	55.2980E-9
90.3500E+0	-136.000E+0	46.1834E-9	4.22333E+3	90.3500E+0	55.3797E-9
90.4000E+0	-136.000E+0	46.1676E-9	4.04000E+3	90.4000E+0	55.3635E-9
90.4500E+0	-136.000E+0	46.0597E-9	3.58000E+3	90.4500E+0	55.2360E-9
90.5000E+0	-136.000E+0	46.0770E-9	5.14333E+3	90.5000E+0	55.2588E-9
90.5500E+0	-136.000E+0	46.1683E-9	4.18667E+3	90.5500E+0	55.3599E-9
90.6000E+0	-136.000E+0	46.1126E-9	4.04667E+3	90.6000E+0	55.2939E-9
90.6500E+0	-136.000E+0	46.1108E-9	5.00000E+3	90.6500E+0	55.2953E-9
90.7000E+0	-136.000E+0	46.1088E-9	4.54000E+3	90.7000E+0	55.2910E-9
90.7500E+0	-136.000E+0	46.1159E-9	4.27333E+3	90.7500E+0	55.2975E-9
90.8000E+0	-136.000E+0	46.1396E-9	4.82333E+3	90.8000E+0	55.3262E-9
90.8500E+0	-136.000E+0	46.2243E-9	5.00000E+3	90.8500E+0	55.4282E-9
90.9000E+0	-136.000E+0	46.1572E-9	5.20667E+3	90.9000E+0	55.3494E-9
90.9500E+0	-136.000E+0	46.1497E-9	5.75667E+3	90.9500E+0	55.3382E-9
91.0000E+0	-136.000E+0	46.1396E-9	5.09667E+3	91.0000E+0	55.3294E-9
91.0500E+0	-136.000E+0	46.1464E-9	5.13000E+3	91.0500E+0	55.3363E-9
91.1000E+0	-136.000E+0	46.1236E-9	5.78333E+3	91.1000E+0	55.3084E-9
91.1500E+0	-136.000E+0	46.1152E-9	4.29333E+3	91.1500E+0	55.3013E-9
91.2000E+0	-136.000E+0	46.0989E-9	5.37667E+3	91.2000E+0	55.2763E-9
91.2500E+0	-136.000E+0	46.2484E-9	5.22667E+3	91.2500E+0	55.4600E-9
91.3000E+0	-136.000E+0	46.1742E-9	5.39000E+3	91.3000E+0	55.3659E-9
91.3500E+0	-136.000E+0	46.1453E-9	5.75000E+3	91.3500E+0	55.3345E-9
91.4000E+0	-136.000E+0	46.1128E-9	5.90667E+3	91.4000E+0	55.2958E-9
91.4500E+0	-136.000E+0	46.1355E-9	5.59333E+3	91.4500E+0	55.3181E-9
91.5000E+0	-136.000E+0	46.1561E-9	5.77333E+3	91.5000E+0	55.3444E-9
91.5500E+0	-136.000E+0	46.2321E-9	6.02333E+3	91.5500E+0	55.4409E-9
91.6000E+0	-136.000E+0	46.1661E-9	5.61000E+3	91.6000E+0	55.3593E-9
91.6500E+0	-136.000E+0	46.1906E-9	5.67333E+3	91.6500E+0	55.3901E-9
91.7000E+0	-136.000E+0	46.1980E-9	6.12667E+3	91.7000E+0	55.4003E-9
91.7500E+0	-136.000E+0	46.1560E-9	6.33000E+3	91.7500E+0	55.3502E-9
91.8000E+0	-136.000E+0	46.2404E-9	6.65667E+3	91.8000E+0	55.4469E-9
91.8500E+0	-136.000E+0	46.1127E-9	6.18000E+3	91.8500E+0	55.3003E-9
91.9000E+0	-136.000E+0	46.1263E-9	7.12333E+3	91.9000E+0	55.3187E-9
91.9500E+0	-136.000E+0	46.1630E-9	6.90000E+3	91.9500E+0	55.3568E-9
92.0000E+0	-136.000E+0	46.1470E-9	7.13333E+3	92.0000E+0	55.3382E-9
92.0500E+0	-136.000E+0	46.2247E-9	6.67000E+3	92.0500E+0	55.4314E-9
92.1000E+0	-136.000E+0	46.2129E-9	6.97000E+3	92.1000E+0	55.4193E-9
92.1500E+0	-136.000E+0	46.1323E-9	8.08000E+3	92.1500E+0	55.3220E-9
92.2000E+0	-136.000E+0	46.1238E-9	7.16333E+3	92.2000E+0	55.3114E-9
92.2500E+0	-136.000E+0	46.1568E-9	7.34667E+3	92.2500E+0	55.3478E-9
92.3000E+0	-136.000E+0	46.1207E-9	7.56000E+3	92.3000E+0	55.3053E-9
92.3500E+0	-136.000E+0	46.2012E-9	7.05333E+3	92.3500E+0	55.4033E-9
92.4000E+0	-136.000E+0	46.1428E-9	7.45333E+3	92.4000E+0	55.3304E-9
92.4500E+0	-136.000E+0	46.1344E-9	8.40000E+3	92.4500E+0	55.3191E-9
92.5000E+0	-136.000E+0	46.1621E-9	7.58333E+3	92.5000E+0	55.3556E-9
92.5500E+0	-136.000E+0	46.1633E-9	8.81667E+3	92.5500E+0	55.3581E-9
92.6000E+0	-136.000E+0	46.1971E-9	8.88333E+3	92.6000E+0	55.3984E-9
92.6500E+0	-136.000E+0	46.1282E-9	9.15000E+3	92.6500E+0	55.3175E-9
92.7000E+0	-136.000E+0	46.1652E-9	8.21667E+3	92.7000E+0	55.3570E-9
92.7500E+0	-136.000E+0	46.1240E-9	8.57667E+3	92.7500E+0	55.3089E-9
92.8000E+0	-136.000E+0	46.1464E-9	9.01667E+3	92.8000E+0	55.3349E-9
92.8500E+0	-136.000E+0	46.1642E-9	8.81333E+3	92.8500E+0	55.3569E-9
92.9000E+0	-136.000E+0	46.1370E-9	8.54333E+3	92.9000E+0	55.3279E-9
92.9500E+0	-136.000E+0	46.1379E-9	9.52667E+3	92.9500E+0	55.3262E-9
93.0000E+0	-136.000E+0	46.1161E-9	10.1633E+3	93.0000E+0	55.3026E-9
93.0500E+0	-136.000E+0	46.1575E-9	9.64000E+3	93.0500E+0	55.3488E-9
93.1000E+0	-136.000E+0	46.1779E-9	10.0067E+3	93.1000E+0	55.3705E-9
93.1500E+0	-136.000E+0	46.1412E-9	10.7600E+3	93.1500E+0	55.3316E-9
93.2000E+0	-136.000E+0	46.1481E-9	10.2367E+3	93.2000E+0	55.3334E-9
93.2500E+0	-136.000E+0	46.1730E-9	9.70667E+3	93.2500E+0	55.3649E-9
93.3000E+0	-136.000E+0	46.2105E-9	10.5000E+3	93.3000E+0	55.4103E-9
93.3500E+0	-136.000E+0	46.1515E-9	10.0967E+3	93.3500E+0	55.3383E-9
93.4000E+0	-136.000E+0	46.1589E-9	10.1867E+3	93.4000E+0	55.3474E-9
93.4500E+0	-136.000E+0	46.1623E-9	11.0033E+3	93.4500E+0	55.3523E-9
93.5000E+0	-136.000E+0	46.1670E-9	10.6667E+3	93.5000E+0	55.3548E-9
93.5500E+0	-136.000E+0	46.1653E-9	12.0767E+3	93.5500E+0	55.3587E-9
93.6000E+0	-136.000E+0	46.2506E-9	11.1200E+3	93.6000E+0	55.4585E-9
93.6500E+0	-136.000E+0	46.1271E-9	12.0867E+3	93.6500E+0	55.3121E-9
93.7000E+0	-136.000E+0	46.1663E-9	12.4500E+3	93.7000E+0	55.3558E-9
93.7500E+0	-136.000E+0	46.0771E-9	11.8033E+3	93.7500E+0	55.2522E-9
93.8000E+0	-136.000E+0	46.2155E-9	12.9433E+3	93.8000E+0	55.4111E-9
93.8500E+0	-136.000E+0	46.1659E-9	14.5267E+3	93.8500E+0	55.3569E-9
93.9000E+0	-136.000E+0	46.1102E-9	13.1933E+3	93.9000E+0	55.2913E-9
93.9500E+0	-136.000E+0	46.1672E-9	13.5933E+3	93.9500E+0	55.3606E-9
94.0000E+0	-136.000E+0	46.2100E-9	13.5233E+3	94.0000E+0	55.4112E-9
94.0500E+0	-136.000E+0	46.2242E-9	13.7600E+3	94.0500E+0	55.4277E-9
94.1000E+0	-136.000E+0	46.2173E-9	15.8367E+3	94.1000E+0	55.4193E-9
94.1500E+0	-136.000E+0	46.2122E-9	14.9500E+3	94.1500E+0	55.4129E-9
94.2000E+0	-136.000E+0	46.3597E-9	13.7167E+3	94.2000E+0	55.5908E-9
94.2500E+0	-136.000E+0	46.2831E-9	14.7433E+3	94.2500E+0	55.5009E-9
94.3000E+0	-136.000E+0	46.1185E-9	14.5000E+3	94.3000E+0	55.2956E-9
94.3500E+0	-136.000E+0	46.1942E-9	16.1600E+3	94.3500E+0	55.3901E-9
94.4000E+0	-136.000E+0	46.1824E-9	15.0100E+3	94.4000E+0	55.3759E-9
94.4500E+0	-136.000E+0	46.1221E-9	14.6933E+3	94.4500E+0	55.2980E-9
94.5000E+0	-136.000E+0	46.1526E-9	16.4133E+3	94.5000E+0	55.3362E-9
94.5500E+0	-136.000E+0	46.1111E-9	17.2767E+3	94.5500E+0	55.2914E-9
94.6000E+0	-136.000E+0	46.1599E-9	15.9900E+3	94.6000E+0	55.3494E-9
94.6500E+0	-136.000E+0	46.1388E-9	18.3000E+3	94.6500E+0	55.3206E-9
94.7000E+0	-136.000E+0	46.0399E-9	17.0067E+3	94.7000E+0	55.2075E-9
94.7500E+0	-136.000E+0	46.1242E-9	19.0567E+3	94.7500E+0	55.3039E-9
94.8000E+0	-136.000E+0	46.1229E-9	18.8500E+3	94.8000E+0	55.3027E-9
94.8500E+0	-136.000E+0	46.1900E-9	18.0733E+3	94.8500E+0	55.3859E-9
94.9000E+0	-136.000E+0	46.1995E-9	18.5633E+3	94.9000E+0	55.3925E-9
94.9500E+0	-136.000E+0	46.1450E-9	18.3533E+3	94.9500E+0	55.3274E-9
95.0000E+0	-136.000E+0	46.2305E-9	19.9633E+3	95.0000E+0	55.4311E-9
95.0500E+0	-136.000E+0	46.2110E-9	20.5000E+3	95.0500E+0	55.4103E-9
95.1000E+0	-136.000E+0	46.1674E-9	20.6500E+3	95.1000E+0	55.3571E-9
95.1500E+0	-136.000E+0	46.1539E-9	19.6800E+3	95.1500E+0	55.3415E-9
95.2000E+0	-136.000E+0	46.1542E-9	20.8333E+3	95.2000E+0	55.3391E-9
95.2500E+0	-136.000E+0	46.1397E-9	20.6800E+3	95.2500E+0	55.3274E-9
95.3000E+0	-136.000E+0	46.1387E-9	21.9167E+3	95.3000E+0	55.3232E-9
95.3500E+0	-136.000E+0	46.1376E-9	21.3767E+3	95.3500E+0	55.3215E-9
95.4000E+0	-136.000E+0	46.1368E-9	20.9500E+3	95.4000E+0	55.3237E-9
95.4500E+0	-136.000E+0	46.1565E-9	22.9633E+3	95.4500E+0	55.3468E-9
95.5000E+0	-136.000E+0	46.2139E-9	22.7233E+3	95.5000E+0	55.4118E-9
95.5500E+0	-136.000E+0	46.1741E-9	22.8833E+3	95.5500E+0	55.3672E-9
95.6000E+0	-136.000E+0	46.1575E-9	24.2967E+3	95.6000E+0	55.3515E-9
95.6500E+0	-136.000E+0	46.1335E-9	23.8033E+3	95.6500E+0	55.3145E-9
95.7000E+0	-136.000E+0	46.1319E-9	22.9800E+3	95.7000E+0	55.3157E-9
95.7500E+0	-136.000E+0	46.1498E-9	23.4733E+3	95.7500E+0	55.3364E-9
95.8000E+0	-136.000E+0	46.1432E-9	25.3533E+3	95.8000E+0	55.3256E-9
95.8500E+0	-136.000E+0	46.1255E-9	24.6267E+3	95.8500E+0	55.3083E-9
95.9000E+0	-136.000E+0	46.1685E-9	26.5067E+3	95.9000E+0	55.3588E-9
95.9500E+0	-136.000E+0	46.1179E-9	26.1367E+3	95.9500E+0	55.2991E-9
96.0000E+0	-136.000E+0	46.1610E-9	24.7300E+3	96.0000E+0	55.3515E-9
96.0500E+0	-136.000E+0	46.2150E-9	26.1500E+3	96.0500E+0	55.4147E-9
96.1000E+0	-136.000E+0	46.1614E-9	26.8333E+3	96.1000E+0	55.3480E-9
96.1500E+0	-136.000E+0	46.1464E-9	27.7667E+3	96.1500E+0	55.3355E-9
96.2000E+0	-136.000E+0	46.1874E-9	26.7600E+3	96.2000E+0	55.3792E-9
96.2500E+0	-136.000E+0	46.1228E-9	26.2167E+3	96.2500E+0	55.3079E-9
96.3000E+0	-136.000E+0	46.1122E-9	27.5167E+3	96.3000E+0	55.2951E-9
96.3500E+0	-136.000E+0	46.1222E-9	28.1133E+3	96.3500E+0	55.3041E-9
96.4000E+0	-136.000E+0	46.1187E-9	29.7000E+3	96.4000E+0	55.3022E-9
96.4500E+0	-136.000E+0	46.1977E-9	30.1767E+3	96.4500E+0	55.3976E-9
96.5000E+0	-136.000E+0	46.1566E-9	30.2133E+3	96.5000E+0	55.3460E-9
96.5500E+0	-136.000E+0	46.2376E-9	27.8167E+3	96.5500E+0	55.4435E-9
96.6000E+0	-136.000E+0	46.1911E-9	31.1233E+3	96.6000E+0	55.3883E-9
96.6500E+0	-136.000E+0	46.1181E-9	29.0033E+3	96.6500E+0	55.3009E-9
96.7000E+0	-136.000E+0	46.1341E-9	31.6167E+3	96.7000E+0	55.3197E-9
96.7500E+0	-136.000E+0	46.1857E-9	31.2000E+3	96.7500E+0	55.3817E-9
96.8000E+0	-136.000E+0	46.1215E-9	33.1567E+3	96.8000E+0	55.3013E-9
96.8500E+0	-136.000E+0	46.2102E-9	32.7300E+3	96.8500E+0	55.4094E-9
96.9000E+0	-136.000E+0	46.1001E-9	32.9200E+3	96.9000E+0	55.2818E-9
96.9500E+0	-136.000E+0	46.1092E-9	32.5500E+3	96.9500E+0	55.2911E-9
97.0000E+0	-136.000E+0	46.1679E-9	31.9733E+3	97.0000E+0	55.3628E-9
97.0500E+0	-136.000E+0	46.3113E-9	34.5267E+3	97.0500E+0	55.5339E-9
97.1000E+0	-136.000E+0	46.2984E-9	35.0267E+3	97.1000E+0	55.5180E-9
97.1500E+0	-136.000E+0	46.2160E-9	32.9567E+3	97.1500E+0	55.4199E-9
97.2000E+0	-136.000E+0	46.2166E-9	32.8633E+3	97.2000E+0	55.4193E-9
97.2500E+0	-136.000E+0	46.2533E-9	32.3967E+3	97.2500E+0	55.4645E-9
97.3000E+0	-136.000E+0	46.2409E-9	33.9700E+3	97.3000E+0	55.4479E-9
97.3500E+0	-136.000E+0	46.2577E-9	33.5133E+3	97.3500E+0	55.4687E-9
97.4000E+0	-136.000E+0	46.2238E-9	35.1067E+3	97.4000E+0	55.4287E-9
97.4500E+0	-136.000E+0	46.2857E-9	35.4467E+3	97.4500E+0	55.5017E-9
97.5000E+0	-136.000E+0	46.3371E-9	35.7800E+3	97.5000E+0	55.5635E-9
97.5500E+0	-136.000E+0	46.2183E-9	37.8667E+3	97.5500E+0	55.4193E-9
97.6000E+0	-136.000E+0	46.2581E-9	37.2633E+3	97.6000E+0	55.4655E-9
97.6500E+0	-136.000E+0	46.1617E-9	35.7233E+3	97.6500E+0	55.3525E-9
97.7000E+0	-136.000E+0	46.1616E-9	35.2833E+3	97.7000E+0	55.3549E-9
97.7500E+0	-136.000E+0	46.1804E-9	36.9467E+3	97.7500E+0	55.3737E-9
97.8000E+0	-136.000E+0	46.1613E-9	37.5800E+3	97.8000E+0	55.3551E-9
97.8500E+0	-136.000E+0	46.1927E-9	39.1067E+3	97.8500E+0	55.3900E-9
97.9000E+0	-136.000E+0	46.1935E-9	39.8867E+3	97.9000E+0	55.3914E-9
97.9500E+0	-136.000E+0	46.2118E-9	37.7333E+3	97.9500E+0	55.4124E-9
98.0000E+0	-136.000E+0	46.1685E-9	38.4467E+3	98.0000E+0	55.3639E-9
98.0500E+0	-136.000E+0	46.2529E-9	37.6333E+3	98.0500E+0	55.4588E-9
98.1000E+0	-136.000E+0	46.1976E-9	39.5700E+3	98.1000E+0	55.3935E-9
98.1500E+0	-136.000E+0	46.1873E-9	40.8867E+3	98.1500E+0	55.3838E-9
98.2000E+0	-136.000E+0	46.2232E-9	40.0667E+3	98.2000E+0	55.4245E-9
98.2500E+0	-136.000E+0	46.2360E-9	41.7233E+3	98.2500E+0	55.4430E-9
98.3000E+0	-136.000E+0	46.2428E-9	40.7300E+3	98.3000E+0	55.4529E-9
98.3500E+0	-136.000E+0	46.2261E-9	43.3367E+3	98.3500E+0	55.4289E-9
98.4000E+0	-136.000E+0	46.2158E-9	42.3267E+3	98.4000E+0	55.4156E-9
98.4500E+0	-136.000E+0	46.1899E-9	41.4033E+3	98.4500E+0	55.3847E-9
98.5000E+0	-136.000E+0	46.2392E-9	40.8833E+3	98.5000E+0	55.4440E-9
98.5500E+0	-136.000E+0	46.2079E-9	39.9633E+3	98.5500E+0	55.4093E-9
98.6000E+0	-136.000E+0	46.0828E-9	43.7500E+3	98.6000E+0	55.2539E-9
98.6500E+0	-136.000E+0	46.1564E-9	41.3133E+3	98.6500E+0	55.3448E-9
98.7000E+0	-136.000E+0	46.1956E-9	41.4433E+3	98.7000E+0	55.3946E-9
98.7500E+0	-136.000E+0	46.2234E-9	43.3733E+3	98.7500E+0	55.4253E-9
98.8000E+0	-136.000E+0	46.1324E-9	43.9133E+3	98.8000E+0	55.3159E-9
98.8500E+0	-136.000E+0	46.1363E-9	41.3700E+3	98.8500E+0	55.3236E-9
98.9000E+0	-136.000E+0	46.0894E-9	43.1367E+3	98.9000E+0	55.2650E-9
98.9500E+0	-136.000E+0	46.1903E-9	44.1767E+3	98.9500E+0	55.3882E-9
99.0000E+0	-136.000E+0	46.2186E-9	44.2333E+3	99.0000E+0	55.4203E-9
99.0500E+0	-136.000E+0	46.1843E-9	43.1733E+3	99.0500E+0	55.3823E-9
99.1000E+0	-136.000E+0	46.1870E-9	43.2967E+3	99.1000E+0	55.3847E-9
99.1500E+0	-136.000E+0	46.2403E-9	45.5400E+3	99.1500E+0	55.4450E-9
99.2000E+0	-136.000E+0	46.2917E-9	42.9000E+3	99.2000E+0	55.5076E-9
99.2500E+0	-136.000E+0	46.1967E-9	43.9767E+3	99.2500E+0	55.3949E-9
99.3000E+0	-136.000E+0	46.1789E-9	44.9833E+3	99.3000E+0	55.3706E-9
99.3500E+0	-136.000E+0	46.2259E-9	43.4267E+3	99.3500E+0	55.4316E-9
99.4000E+0	-136.000E+0	46.1749E-9	43.0967E+3	99.4000E+0	55.3697E-9
99.4500E+0	-136.000E+0	46.1436E-9	43.9733E+3	99.4500E+0	55.3294E-9
99.5000E+0	-136.000E+0	46.2127E-9	43.5767E+3	99.5000E+0	55.4134E-9
99.5500E+0	-136.000E+0	46.2016E-9	45.7767E+3	99.5500E+0	55.4009E-9
99.6000E+0	-136.000E+0	46.2077E-9	47.1500E+3	99.6000E+0	55.4076E-9
99.6500E+0	-136.000E+0	46.0747E-9	46.7200E+3	99.6500E+0	55.2480E-9
99.7000E+0	-136.000E+0	46.1733E-9	44.6267E+3	99.7000E+0	55.3685E-9
99.7500E+0	-136.000E+0	46.1469E-9	44.9667E+3	99.7500E+0	55.3370E-9
99.8000E+0	-136.000E+0	46.1370E-9	46.0500E+3	99.8000E+0	55.3222E-9
99.8500E+0	-136.000E+0	46.1033E-9	46.4000E+3	99.8500E+0	55.2789E-9
99.9000E+0	-136.000E+0	46.2970E-9	47.0333E+3	99.9000E+0	55.5156E-9
99.9500E+0	-136.000E+0	46.2358E-9	47.1467E+3	99.9500E+0	55.4453E-9
100.000E+0	-136.000E+0	46.2466E-9	46.6600E+3	100.000E+0	55.4584E-9
100.050E+0	-136.000E+0	46.2516E-9	45.7567E+3	100.050E+0	55.4660E-9
100.100E+0	-136.000E+0	46.3234E-9	47.4800E+3	100.100E+0	55.5467E-9
100.150E+0	-136.000E+0	46.2327E-9	44.1367E+3	100.150E+0	55.4402E-9
100.200E+0	-136.000E+0	46.1673E-9	46.0267E+3	100.200E+0	55.3660E-9
100.250E+0	-136.000E+0	46.2209E-9	44.7633E+3	100.250E+0	55.4247E-9
100.300E+0	-136.000E+0	46.2405E-9	47.5500E+3	100.289E+0	55.4535E-9
100.350E+0	-136.000E+0	46.1594E-9	45.9733E+3	100.350E+0	55.3473E-9
100.400E+0	-136.000E+0	46.1305E-9	46.6267E+3	100.400E+0	55.3200E-9
100.450E+0	-136.000E+0	46.1486E-9	44.6833E+3	100.450E+0	55.3404E-9
100.500E+0	-136.000E+0	46.1431E-9	43.8233E+3	100.500E+0	55.3295E-9
100.550E+0	-136.000E+0	46.1353E-9	46.2533E+3	100.550E+0	55.3248E-9
100.600E+0	-136.000E+0	46.2193E-9	45.6933E+3	100.600E+0	55.4284E-9
100.650E+0	-136.000E+0	46.2463E-9	44.8667E+3	100.650E+0	55.4564E-9
100.700E+0	-136.000E+0	46.2555E-9	46.8567E+3	100.700E+0	55.4702E-9
100.750E+0	-136.000E+0	46.2457E-9	45.6500E+3	100.750E+0	55.4616E-9
100.800E+0	-136.000E+0	46.3365E-9	45.6467E+3	100.800E+0	55.5655E-9
100.850E+0	-136.000E+0	46.2507E-9	46.0267E+3	100.850E+0	55.4654E-9
100.900E+0	-136.000E+0	46.2640E-9	47.3400E+3	100.900E+0	55.4772E-9
100.950E+0	-136.000E+0	46.2553E-9	44.3500E+3	100.950E+0	55.4717E-9
101.000E+0	-136.000E+0	46.3075E-9	46.0767E+3	101.000E+0	55.5313E-9
101.050E+0	-136.000E+0	46.2523E-9	46.0333E+3	101.050E+0	55.4678E-9
101.100E+0	-136.000E+0	46.2053E-9	44.7567E+3	101.100E+0	55.4103E-9
101.150E+0	-136.000E+0	46.2042E-9	44.9667E+3	101.150E+0	55.4082E-9
101.200E+0	-136.000E+0	46.1820E-9	47.0333E+3	101.200E+0	55.3819E-9
101.250E+0	-136.000E+0	46.1806E-9	44.6600E+3	101.250E+0	55.3764E-9
101.300E+0	-136.000E+0	46.2277E-9	47.3300E+3	101.300E+0	55.4346E-9
101.350E+0	-136.000E+0	46.2130E-9	45.9067E+3	101.350E+0	55.4222E-9
101.400E+0	-136.000E+0	46.2074E-9	45.5267E+3	101.400E+0	55.4109E-9
101.450E+0	-136.000E+0	46.1715E-9	47.2700E+3	101.450E+0	55.3671E-9
101.500E+0	-136.000E+0	46.1305E-9	45.3067E+3	101.500E+0	55.3214E-9
101.550E+0	-136.000E+0	46.1885E-9	45.7800E+3	101.550E+0	55.3873E-9
101.600E+0	-136.000E+0	46.2237E-9	44.4367E+3	101.600E+0	55.4314E-9
101.650E+0	-136.000E+0	46.1722E-9	43.6233E+3	101.650E+0	55.3649E-9
101.700E+0	-136.000E+0	46.1818E-9	43.1300E+3	101.700E+0	55.3768E-9
101.750E+0	-136.000E+0	46.1281E-9	43.7167E+3	101.750E+0	55.3137E-9
101.800E+0	-136.000E+0	46.2095E-9	43.5333E+3	101.800E+0	55.4153E-9
101.850E+0	-136.000E+0	46.1898E-9	44.9867E+3	101.850E+0	55.3905E-9
101.900E+0	-136.000E+0	46.2324E-9	42.6533E+3	101.900E+0	55.4380E-9
101.950E+0	-136.000E+0	46.2262E-9	45.0400E+3	101.950E+0	55.4323E-9
102.000E+0	-136.000E+0	46.1123E-9	42.5767E+3	102.000E+0	55.2944E-9
102.050E+0	-136.000E+0	46.1766E-9	42.6400E+3	102.050E+0	55.3726E-9
102.100E+0	-136.000E+0	46.1806E-9	44.2033E+3	102.100E+0	55.3786E-9
102.150E+0	-136.000E+0	46.2296E-9	45.0400E+3	102.150E+0	55.4397E-9
102.200E+0	-136.000E+0	46.1738E-9	42.5267E+3	102.200E+0	55.3680E-9
102.250E+0	-136.000E+0	46.1948E-9	43.4400E+3	102.250E+0	55.3935E-9
102.300E+0	-136.000E+0	46.2417E-9	42.0000E+3	102.300E+0	55.4464E-9
102.350E+0	-136.000E+0	46.2153E-9	43.3000E+3	102.350E+0	55.4184E-9
102.400E+0	-136.000E+0	46.2306E-9	41.1433E+3	102.400E+0	55.4348E-9
102.450E+0	-136.000E+0	46.1764E-9	41.1233E+3	102.450E+0	55.3675E-9
102.500E+0	-136.000E+0	46.1188E-9	41.7567E+3	102.500E+0	55.3000E-9
102.550E+0	-136.000E+0	46.1929E-9	40.0200E+3	102.550E+0	55.3891E-9
102.600E+0	-136.000E+0	46.1230E-9	40.3967E+3	102.600E+0	55.3083E-9
102.650E+0	-136.000E+0	46.2074E-9	41.7300E+3	102.650E+0	55.4101E-9
102.700E+0	-136.000E+0	46.1793E-9	39.3900E+3	102.700E+0	55.3797E-9
102.750E+0	-136.000E+0	46.2779E-9	41.8167E+3	102.750E+0	55.4960E-9
102.800E+0	-136.000E+0	46.2354E-9	38.6567E+3	102.800E+0	55.4454E-9
102.850E+0	-136.000E+0	46.1443E-9	40.5200E+3	102.850E+0	55.3355E-9
102.900E+0	-136.000E+0	46.2376E-9	38.6367E+3	102.900E+0	55.4446E-9
102.950E+0	-136.000E+0	46.2493E-9	39.5300E+3	102.950E+0	55.4662E-9
103.000E+0	-136.000E+0	46.1953E-9	38.6333E+3	103.000E+0	55.3945E-9
103.050E+0	-136.000E+0	46.2869E-9	39.5767E+3	103.050E+0	55.4999E-9
103.100E+0	-136.000E+0	46.2243E-9	40.5200E+3	103.100E+0	55.4308E-9
103.150E+0	-136.000E+0	46.2526E-9	38.6500E+3	103.150E+0	55.4614E-9
103.200E+0	-136.000E+0	46.1690E-9	37.9867E+3	103.200E+0	55.3614E-9
103.250E+0	-136.000E+0	46.2648E-9	37.3800E+3	103.250E+0	55.4752E-9
103.300E+0	-136.000E+0	46.2604E-9	37.5933E+3	103.300E+0	55.4727E-9
103.350E+0	-136.000E+0	46.3102E-9	36.7100E+3	103.350E+0	55.5318E-9
103.400E+0	-136.000E+0	46.2920E-9	37.6767E+3	103.400E+0	55.5110E-9
103.450E+0	-136.000E+0	46.2744E-9	35.6433E+3	103.450E+0	55.4877E-9
103.500E+0	-136.000E+0	46.2787E-9	39.3367E+3	103.500E+0	55.4952E-9
103.550E+0	-136.000E+0	46.1792E-9	35.7300E+3	103.550E+0	55.3718E-9
103.600E+0	-136.000E+0	46.2255E-9	36.7200E+3	103.600E+0	55.4315E-9
103.650E+0	-136.000E+0	46.2658E-9	36.6200E+3	103.650E+0	55.4735E-9
103.700E+0	-136.000E+0	46.2179E-9	34.9067E+3	103.700E+0	55.4194E-9
103.750E+0	-136.000E+0	46.2507E-9	34.5767E+3	103.750E+0	55.4557E-9
103.800E+0	-136.000E+0	46.1588E-9	34.6200E+3	103.800E+0	55.3485E-9
103.850E+0	-136.000E+0	46.1734E-9	34.2433E+3	103.850E+0	55.3652E-9
103.900E+0	-136.000E+0	46.2230E-9	35.2700E+3	103.900E+0	55.4256E-9
103.950E+0	-136.000E+0	46.2344E-9	34.6133E+3	103.950E+0	55.4381E-9
104.000E+0	-136.000E+0	46.1967E-9	32.4233E+3	104.000E+0	55.3921E-9
104.050E+0	-136.000E+0	46.2425E-9	34.2400E+3	104.050E+0	55.4461E-9
104.100E+0	-136.000E+0	46.4104E-9	34.4600E+3	104.100E+0	55.6515E-9
104.150E+0	-136.000E+0	46.3580E-9	35.5033E+3	104.150E+0	55.5884E-9
104.200E+0	-136.000E+0	46.1823E-9	33.0500E+3	104.200E+0	55.3775E-9
104.250E+0	-136.000E+0	47.1689E-9	32.5567E+3	104.250E+0	56.5675E-9
104.300E+0	-136.000E+0	47.1040E-9	31.9300E+3	104.300E+0	56.4920E-9
104.350E+0	-136.000E+0	47.1964E-9	33.1500E+3	104.350E+0	56.6032E-9
104.400E+0	-136.000E+0	47.1112E-9	32.8667E+3	104.400E+0	56.5020E-9
104.450E+0	-136.000E+0	47.1777E-9	33.1067E+3	104.450E+0	56.5835E-9
104.500E+0	-136.000E+0	47.1595E-9	34.6300E+3	104.500E+0	56.5614E-9
104.550E+0	-136.000E+0	47.1879E-9	32.3200E+3	104.550E+0	56.5958E-9
104.600E+0	-136.000E+0	46.9742E-9	31.9067E+3	104.600E+0	56.3364E-9
104.650E+0	-136.000E+0	47.2157E-9	31.5000E+3	104.650E+0	56.6334E-9
104.700E+0	-136.000E+0	47.2487E-9	30.5400E+3	104.700E+0	56.6721E-9
104.750E+0	-136.000E+0	47.3602E-9	32.0133E+3	104.750E+0	56.8012E-9
104.800E+0	-136.000E+0	47.2226E-9	31.1900E+3	104.800E+0	56.6352E-9
104.850E+0	-136.000E+0	47.2277E-9	29.9833E+3	104.850E+0	56.6424E-9
104.900E+0	-136.000E+0	47.1477E-9	30.7467E+3	104.900E+0	56.5497E-9
104.950E+0	-136.000E+0	47.1985E-9	31.1600E+3	104.950E+0	56.6111E-9
105.000E+0	-136.000E+0	47.1824E-9	30.9833E+3	105.000E+0	56.5899E-9
105.050E+0	-136.000E+0	47.1718E-9	29.2833E+3	105.050E+0	56.5793E-9
105.100E+0	-136.000E+0	47.2136E-9	29.6633E+3	105.100E+0	56.6272E-9
105.150E+0	-136.000E+0	47.2017E-9	30.1633E+3	105.150E+0	56.6111E-9
105.200E+0	-136.000E+0	47.2266E-9	29.0267E+3	105.200E+0	56.6429E-9
105.250E+0	-136.000E+0	47.2985E-9	28.7233E+3	105.250E+0	56.7289E-9
105.300E+0	-136.000E+0	47.2508E-9	28.1633E+3	105.300E+0	56.6713E-9
105.350E+0	-136.000E+0	47.2152E-9	29.2267E+3	105.350E+0	56.6276E-9
105.400E+0	-136.000E+0	47.0736E-9	27.8600E+3	105.400E+0	56.4600E-9
105.450E+0	-136.000E+0	47.1994E-9	28.1133E+3	105.450E+0	56.6086E-9
105.500E+0	-136.000E+0	47.2975E-9	27.2133E+3	105.500E+0	56.7237E-9
105.550E+0	-136.000E+0	47.1870E-9	26.2900E+3	105.550E+0	56.5923E-9
105.600E+0	-136.000E+0	47.0980E-9	27.9833E+3	105.600E+0	56.4895E-9
105.650E+0	-136.000E+0	47.2464E-9	28.1633E+3	105.650E+0	56.6641E-9
105.700E+0	-136.000E+0	47.2107E-9	26.4133E+3	105.700E+0	56.6205E-9
105.750E+0	-136.000E+0	47.2225E-9	27.8000E+3	105.750E+0	56.6341E-9
105.800E+0	-136.000E+0	47.2364E-9	25.4633E+3	105.800E+0	56.6546E-9
105.850E+0	-136.000E+0	47.2370E-9	26.7333E+3	105.850E+0	56.6565E-9
105.900E+0	-136.000E+0	47.2126E-9	26.6900E+3	105.900E+0	56.6246E-9
105.950E+0	-136.000E+0	47.3943E-9	27.1000E+3	105.950E+0	56.8448E-9
106.000E+0	-136.000E+0	47.2376E-9	27.1967E+3	106.000E+0	56.6622E-9
106.050E+0	-136.000E+0	47.2050E-9	25.4933E+3	106.050E+0	56.6197E-9
106.100E+0	-136.000E+0	47.2482E-9	25.6967E+3	106.100E+0	56.6686E-9
106.150E+0	-136.000E+0	47.2614E-9	26.0933E+3	106.150E+0	56.6879E-9
106.200E+0	-136.000E+0	47.2608E-9	23.3033E+3	106.200E+0	56.6846E-9
106.250E+0	-136.000E+0	47.2573E-9	25.3333E+3	106.250E+0	56.6800E-9
106.300E+0	-136.000E+0	47.2600E-9	23.9200E+3	106.300E+0	56.6820E-9
106.350E+0	-136.000E+0	47.2290E-9	24.6800E+3	106.350E+0	56.6490E-9
106.400E+0	-136.000E+0	47.1672E-9	24.3567E+3	106.400E+0	56.5692E-9
106.450E+0	-136.000E+0	47.2500E-9	24.3967E+3	106.450E+0	56.6684E-9
106.500E+0	-136.000E+0	47.2846E-9	24.7733E+3	106.500E+0	56.7123E-9
106.550E+0	-136.000E+0	47.2338E-9	24.0633E+3	106.550E+0	56.6476E-9
106.600E+0	-136.000E+0	47.2424E-9	23.5800E+3	106.600E+0	56.6627E-9
106.650E+0	-136.000E+0	47.2645E-9	24.2133E+3	106.650E+0	56.6926E-9
106.700E+0	-136.000E+0	47.2636E-9	24.4267E+3	106.700E+0	56.6832E-9
106.750E+0	-136.000E+0	47.2804E-9	22.8200E+3	106.750E+0	56.7089E-9
106.800E+0	-136.000E+0	47.2746E-9	23.6933E+3	106.800E+0	56.6971E-9
106.850E+0	-136.000E+0	47.3077E-9	22.7700E+3	106.850E+0	56.7379E-9
106.900E+0	-136.000E+0	47.2653E-9	22.9833E+3	106.900E+0	56.6866E-9
106.950E+0	-136.000E+0	47.2240E-9	21.4600E+3	106.950E+0	56.6367E-9
107.000E+0	-136.000E+0	47.2715E-9	22.0500E+3	107.000E+0	56.6925E-9
107.050E+0	-136.000E+0	47.2231E-9	23.0167E+3	107.050E+0	56.6401E-9
107.100E+0	-136.000E+0	47.1694E-9	22.3800E+3	107.100E+0	56.5667E-9
107.150E+0	-136.000E+0	47.2312E-9	22.8000E+3	107.150E+0	56.6473E-9
107.200E+0	-136.000E+0	47.2222E-9	22.7533E+3	107.200E+0	56.6334E-9
107.250E+0	-136.000E+0	47.2111E-9	21.4833E+3	107.250E+0	56.6175E-9
107.300E+0	-136.000E+0	47.2475E-9	19.8267E+3	107.300E+0	56.6633E-9
107.350E+0	-136.000E+0	47.2290E-9	21.4967E+3	107.350E+0	56.6422E-9
107.400E+0	-136.000E+0	47.2362E-9	21.4867E+3	107.400E+0	56.6488E-9
107.450E+0	-136.000E+0	47.2595E-9	21.7633E+3	107.450E+0	56.6812E-9
107.500E+0	-136.000E+0	47.1825E-9	21.3800E+3	107.500E+0	56.5897E-9
107.550E+0	-136.000E+0	47.2457E-9	20.3233E+3	107.550E+0	56.6633E-9
107.600E+0	-136.000E+0	47.1890E-9	20.1633E+3	107.600E+0	56.5942E-9
107.650E+0	-136.000E+0	47.1744E-9	21.7133E+3	107.650E+0	56.5751E-9
107.700E+0	-136.000E+0	47.2578E-9	20.9833E+3	107.700E+0	56.6839E-9
107.750E+0	-136.000E+0	47.2675E-9	20.6900E+3	107.750E+0	56.6894E-9
107.800E+0	-136.000E+0	47.2169E-9	19.7467E+3	107.800E+0	56.6294E-9
107.850E+0	-136.000E+0	47.2527E-9	19.7933E+3	107.850E+0	56.6707E-9
107.900E+0	-136.000E+0	47.2481E-9	20.7500E+3	107.900E+0	56.6657E-9
107.950E+0	-136.000E+0	47.2084E-9	20.1033E+3	107.950E+0	56.6193E-9
108.000E+0	-136.000E+0	47.2692E-9	19.8533E+3	108.000E+0	56.6894E-9
108.050E+0	-136.000E+0	47.2739E-9	19.7633E+3	108.050E+0	56.6980E-9
108.100E+0	-136.000E+0	47.2638E-9	18.5667E+3	108.100E+0	56.6883E-9
108.150E+0	-136.000E+0	47.2567E-9	19.4033E+3	108.150E+0	56.6769E-9
108.200E+0	-136.000E+0	47.3670E-9	18.8933E+3	108.200E+0	56.8058E-9
108.250E+0	-136.000E+0	47.2817E-9	19.3600E+3	108.250E+0	56.7059E-9
108.300E+0	-136.000E+0	47.3098E-9	20.1000E+3	108.300E+0	56.7390E-9
108.350E+0	-136.000E+0	47.2856E-9	18.7900E+3	108.350E+0	56.7095E-9
108.400E+0	-136.000E+0	47.2855E-9	18.4133E+3	108.400E+0	56.7106E-9
108.450E+0	-136.000E+0	47.3447E-9	18.6100E+3	108.450E+0	56.7783E-9
108.500E+0	-136.000E+0	47.2902E-9	17.7733E+3	108.500E+0	56.7138E-9
108.550E+0	-136.000E+0	47.2751E-9	17.8833E+3	108.550E+0	56.6979E-9
108.600E+0	-136.000E+0	47.2669E-9	18.3333E+3	108.600E+0	56.6902E-9
108.650E+0	-136.000E+0	47.2790E-9	19.2600E+3	108.650E+0	56.6977E-9
108.700E+0	-136.000E+0	47.2335E-9	16.9333E+3	108.700E+0	56.6471E-9
108.750E+0	-136.000E+0	47.3079E-9	18.2400E+3	108.750E+0	56.7348E-9
108.800E+0	-136.000E+0	47.2880E-9	17.5900E+3	108.800E+0	56.7122E-9
108.850E+0	-136.000E+0	47.2133E-9	17.3433E+3	108.850E+0	56.6241E-9
108.900E+0	-136.000E+0	47.2236E-9	17.6067E+3	108.900E+0	56.6321E-9
108.950E+0	-136.000E+0	47.2164E-9	19.1233E+3	108.950E+0	56.6232E-9
109.000E+0	-136.000E+0	47.2258E-9	17.6900E+3	109.000E+0	56.6374E-9
109.050E+0	-136.000E+0	47.2040E-9	17.5233E+3	109.050E+0	56.6061E-9
109.100E+0	-136.000E+0	47.2312E-9	17.4667E+3	109.100E+0	56.6466E-9
109.150E+0	-136.000E+0	47.3056E-9	16.5133E+3	109.150E+0	56.7291E-9
109.200E+0	-136.000E+0	47.3043E-9	16.5500E+3	109.200E+0	56.7325E-9
109.250E+0	-136.000E+0	47.2814E-9	17.1067E+3	109.250E+0	56.7069E-9
109.300E+0	-136.000E+0	47.2727E-9	17.5633E+3	109.300E+0	56.7010E-9
109.350E+0	-136.000E+0	47.2753E-9	17.0233E+3	109.350E+0	56.7019E-9
109.400E+0	-136.000E+0	47.2945E-9	16.3467E+3	109.400E+0	56.7248E-9
109.450E+0	-136.000E+0	47.2914E-9	17.6867E+3	109.450E+0	56.7215E-9
109.500E+0	-136.000E+0	47.3237E-9	16.6700E+3	109.500E+0	56.7624E-9
109.550E+0	-136.000E+0	47.2840E-9	15.7300E+3	109.550E+0	56.7146E-9
109.600E+0	-136.000E+0	47.2175E-9	16.0500E+3	109.600E+0	56.6333E-9
109.650E+0	-136.000E+0	47.2389E-9	16.7433E+3	109.650E+0	56.6493E-9
109.700E+0	-136.000E+0	47.2205E-9	16.7867E+3	109.700E+0	56.6309E-9
109.750E+0	-136.000E+0	47.2290E-9	16.1000E+3	109.750E+0	56.6391E-9
109.800E+0	-136.000E+0	47.2470E-9	15.6500E+3	109.800E+0	56.6654E-9
109.850E+0	-136.000E+0	47.1037E-9	15.8267E+3	109.850E+0	56.4909E-9
109.900E+0	-136.000E+0	47.2617E-9	15.5233E+3	109.900E+0	56.6823E-9
109.950E+0	-136.000E+0	47.2715E-9	16.3867E+3	109.950E+0	56.6904E-9
110.000E+0	-136.000E+0	47.2264E-9	16.2167E+3	110.000E+0	56.6385E-9
110.050E+0	-136.000E+0	47.2287E-9	15.5767E+3	110.050E+0	56.6419E-9
110.100E+0	-136.000E+0	47.4763E-9	15.9133E+3	110.100E+0	56.9388E-9
110.150E+0	-136.000E+0	47.4733E-9	16.9300E+3	110.150E+0	56.9368E-9
110.200E+0	-136.000E+0	47.3005E-9	15.0633E+3	110.200E+0	56.7264E-9
110.250E+0	-136.000E+0	47.2871E-9	16.0833E+3	110.250E+0	56.7106E-9
110.300E+0	-136.000E+0	47.4204E-9	16.0300E+3	110.300E+0	56.8721E-9
110.350E+0	-136.000E+0	47.2931E-9	15.7567E+3	110.350E+0	56.7183E-9
110.400E+0	-136.000E+0	47.2818E-9	14.1133E+3	110.400E+0	56.7070E-9
110.450E+0	-136.000E+0	47.2694E-9	14.9300E+3	110.450E+0	56.6900E-9
110.500E+0	-136.000E+0	47.1354E-9	14.5000E+3	110.500E+0	56.5303E-9
110.550E+0	-136.000E+0	47.2660E-9	14.6867E+3	110.550E+0	56.6894E-9
110.600E+0	-136.000E+0	47.2781E-9	14.5967E+3	110.600E+0	56.7045E-9
110.650E+0	-136.000E+0	47.2864E-9	14.4633E+3	110.650E+0	56.7108E-9
110.700E+0	-136.000E+0	47.2911E-9	15.7667E+3	110.700E+0	56.7182E-9
110.750E+0	-136.000E+0	47.3196E-9	14.5000E+3	110.750E+0	56.7537E-9
110.800E+0	-136.000E+0	47.3197E-9	15.2833E+3	110.800E+0	56.7497E-9
110.850E+0	-136.000E+0	47.1607E-9	13.9900E+3	110.850E+0	56.5618E-9
110.900E+0	-136.000E+0	47.1529E-9	14.9800E+3	110.900E+0	56.5532E-9
110.950E+0	-136.000E+0	47.1919E-9	15.0400E+3	110.950E+0	56.5957E-9
111.000E+0	-136.000E+0	47.3058E-9	15.1967E+3	111.000E+0	56.7346E-9
111.050E+0	-136.000E+0	47.3344E-9	14.4867E+3	111.050E+0	56.7669E-9
111.100E+0	-136.000E+0	47.3665E-9	14.1600E+3	111.100E+0	56.8065E-9
111.150E+0	-136.000E+0	47.3338E-9	14.8933E+3	111.150E+0	56.7691E-9
111.200E+0	-136.000E+0	47.3259E-9	14.3200E+3	111.200E+0	56.7589E-9
111.250E+0	-136.000E+0	47.1696E-9	14.1467E+3	111.250E+0	56.5703E-9
111.300E+0	-136.000E+0	46.9767E-9	13.9233E+3	111.300E+0	56.3376E-9
111.350E+0	-136.000E+0	47.1670E-9	14.4867E+3	111.350E+0	56.5695E-9
111.400E+0	-136.000E+0	47.1002E-9	14.8900E+3	111.400E+0	56.4873E-9
111.450E+0	-136.000E+0	47.1446E-9	14.5233E+3	111.450E+0	56.5446E-9
111.500E+0	-136.000E+0	47.0824E-9	15.3067E+3	111.500E+0	56.4677E-9
111.550E+0	-136.000E+0	47.3056E-9	13.8333E+3	111.550E+0	56.7305E-9
111.600E+0	-136.000E+0	47.1642E-9	13.5567E+3	111.600E+0	56.5629E-9
111.650E+0	-136.000E+0	47.1814E-9	15.5133E+3	111.650E+0	56.5842E-9
111.700E+0	-136.000E+0	46.5202E-9	14.1933E+3	111.700E+0	55.7889E-9
111.750E+0	-136.000E+0	47.0503E-9	13.2000E+3	111.750E+0	56.4264E-9
111.800E+0	-136.000E+0	47.1254E-9	14.8467E+3	111.800E+0	56.5156E-9
111.850E+0	-136.000E+0	47.1595E-9	14.7467E+3	111.850E+0	56.5580E-9
111.900E+0	-136.000E+0	47.1058E-9	14.1167E+3	111.900E+0	56.4917E-9
111.950E+0	-136.000E+0	47.0522E-9	15.0767E+3	111.950E+0	56.4295E-9
112.000E+0	-136.000E+0	47.0765E-9	14.2200E+3	112.000E+0	56.4624E-9
112.050E+0	-136.000E+0	47.1744E-9	15.2600E+3	112.050E+0	56.5782E-9
112.100E+0	-136.000E+0	47.1760E-9	13.8567E+3	112.100E+0	56.5813E-9
112.150E+0	-136.000E+0	47.1172E-9	14.6867E+3	112.150E+0	56.5083E-9
112.200E+0	-136.000E+0	47.3376E-9	14.7533E+3	112.200E+0	56.7733E-9
112.250E+0	-136.000E+0	47.3549E-9	14.5867E+3	112.250E+0	56.7949E-9
112.300E+0	-136.000E+0	47.2014E-9	13.9667E+3	112.300E+0	56.6055E-9
112.350E+0	-136.000E+0	47.3293E-9	15.0233E+3	112.350E+0	56.7603E-9
112.400E+0	-136.000E+0	47.3540E-9	15.1633E+3	112.400E+0	56.7935E-9
112.450E+0	-136.000E+0	47.2753E-9	14.1567E+3	112.450E+0	56.6982E-9
112.500E+0	-136.000E+0	47.2559E-9	13.8700E+3	112.500E+0	56.6750E-9
112.550E+0	-136.000E+0	47.2510E-9	13.5100E+3	112.550E+0	56.6692E-9
112.600E+0	-136.000E+0	47.1681E-9	15.2433E+3	112.600E+0	56.5716E-9
112.650E+0	-136.000E+0	47.1717E-9	14.0967E+3	112.650E+0	56.5735E-9
112.700E+0	-136.000E+0	47.1704E-9	14.3600E+3	112.700E+0	56.5724E-9
112.750E+0	-136.000E+0	47.2510E-9	14.1400E+3	112.750E+0	56.6663E-9
112.800E+0	-136.000E+0	47.3502E-9	15.3467E+3	112.800E+0	56.7894E-9
112.850E+0	-136.000E+0	47.3472E-9	15.0300E+3	112.850E+0	56.7852E-9
112.900E+0	-136.000E+0	47.1340E-9	15.4800E+3	112.900E+0	56.5299E-9
112.950E+0	-136.000E+0	47.1223E-9	13.1833E+3	112.950E+0	56.5122E-9
113.000E+0	-136.000E+0	47.1049E-9	14.8033E+3	113.000E+0	56.4964E-9
113.050E+0	-136.000E+0	47.1374E-9	13.8200E+3	113.050E+0	56.5328E-9
113.100E+0	-136.000E+0	47.1048E-9	16.1500E+3	113.100E+0	56.4933E-9
113.150E+0	-136.000E+0	47.1418E-9	14.6500E+3	113.150E+0	56.5371E-9
113.200E+0	-136.000E+0	47.1436E-9	14.2733E+3	113.200E+0	56.5452E-9
113.250E+0	-136.000E+0	47.1139E-9	16.0567E+3	113.250E+0	56.5055E-9
113.300E+0	-136.000E+0	47.1216E-9	14.3167E+3	113.300E+0	56.5159E-9
113.350E+0	-136.000E+0	47.1608E-9	15.0967E+3	113.350E+0	56.5593E-9
113.400E+0	-136.000E+0	47.1499E-9	13.4600E+3	113.400E+0	56.5510E-9
113.450E+0	-136.000E+0	47.1595E-9	15.0467E+3	113.450E+0	56.5593E-9
113.500E+0	-136.000E+0	47.1414E-9	14.5467E+3	113.500E+0	56.5397E-9
113.550E+0	-136.000E+0	47.1246E-9	15.0233E+3	113.550E+0	56.5179E-9
113.600E+0	-136.000E+0	47.0148E-9	14.5067E+3	113.600E+0	56.3827E-9
113.650E+0	-136.000E+0	47.1814E-9	15.1300E+3	113.650E+0	56.5861E-9
113.700E+0	-136.000E+0	47.1602E-9	14.7200E+3	113.700E+0	56.5640E-9
113.750E+0	-136.000E+0	47.1611E-9	16.5733E+3	113.750E+0	56.5623E-9
113.800E+0	-136.000E+0	47.1731E-9	15.2600E+3	113.800E+0	56.5743E-9
113.850E+0	-136.000E+0	47.0755E-9	15.8267E+3	113.850E+0	56.4620E-9
113.900E+0	-136.000E+0	47.1857E-9	14.5600E+3	113.900E+0	56.5919E-9
113.950E+0	-136.000E+0	47.1729E-9	15.5300E+3	113.950E+0	56.5767E-9
114.000E+0	-136.000E+0	47.1843E-9	16.4667E+3	114.000E+0	56.5881E-9
114.050E+0	-136.000E+0	47.1387E-9	16.6567E+3	114.050E+0	56.5342E-9
114.100E+0	-136.000E+0	47.1058E-9	15.6067E+3	114.100E+0	56.5005E-9
114.150E+0	-136.000E+0	47.1192E-9	15.0700E+3	114.150E+0	56.5107E-9
114.200E+0	-136.000E+0	47.2576E-9	15.7700E+3	114.200E+0	56.6807E-9
114.250E+0	-136.000E+0	47.3015E-9	16.5300E+3	114.250E+0	56.7331E-9
114.300E+0	-136.000E+0	47.3016E-9	16.4133E+3	114.300E+0	56.7322E-9
114.350E+0	-136.000E+0	47.3030E-9	16.7867E+3	114.350E+0	56.7304E-9
114.400E+0	-136.000E+0	47.3135E-9	15.3100E+3	114.400E+0	56.7461E-9
114.450E+0	-136.000E+0	47.3280E-9	17.3800E+3	114.450E+0	56.7623E-9
114.500E+0	-136.000E+0	47.3246E-9	17.1433E+3	114.500E+0	56.7607E-9
114.550E+0	-136.000E+0	47.1431E-9	15.4833E+3	114.550E+0	56.5430E-9
114.600E+0	-136.000E+0	47.1726E-9	16.9133E+3	114.600E+0	56.5779E-9
114.650E+0	-136.000E+0	47.1733E-9	16.4000E+3	114.650E+0	56.5795E-9
114.700E+0	-136.000E+0	47.0984E-9	16.9367E+3	114.700E+0	56.4936E-9
114.750E+0	-136.000E+0	47.1683E-9	18.4533E+3	114.750E+0	56.5754E-9
114.800E+0	-136.000E+0	47.2032E-9	16.8600E+3	114.800E+0	56.6166E-9
114.850E+0	-136.000E+0	46.9569E-9	17.4033E+3	114.850E+0	56.3171E-9
114.900E+0	-136.000E+0	46.9950E-9	17.3167E+3	114.900E+0	56.3624E-9
114.950E+0	-136.000E+0	47.1692E-9	16.1533E+3	114.950E+0	56.5720E-9
115.000E+0	-136.000E+0	47.1246E-9	17.3233E+3	115.000E+0	56.5172E-9
115.050E+0	-136.000E+0	47.1362E-9	17.8233E+3	115.050E+0	56.5354E-9
115.100E+0	-136.000E+0	47.2877E-9	18.3167E+3	115.100E+0	56.7195E-9
115.150E+0	-136.000E+0	47.1065E-9	18.2900E+3	115.150E+0	56.5012E-9
115.200E+0	-136.000E+0	47.0328E-9	18.4367E+3	115.200E+0	56.4149E-9
115.250E+0	-136.000E+0	47.0086E-9	17.2933E+3	115.250E+0	56.3831E-9
115.300E+0	-136.000E+0	47.1505E-9	17.6967E+3	115.300E+0	56.5533E-9
115.350E+0	-136.000E+0	47.1534E-9	18.0500E+3	115.350E+0	56.5550E-9
115.400E+0	-136.000E+0	47.1579E-9	18.9500E+3	115.400E+0	56.5595E-9
115.450E+0	-136.000E+0	46.9713E-9	17.8933E+3	115.450E+0	56.3322E-9
115.500E+0	-136.000E+0	46.9704E-9	19.8167E+3	115.500E+0	56.3306E-9
115.550E+0	-136.000E+0	46.9788E-9	19.2000E+3	115.550E+0	56.3439E-9
115.600E+0	-136.000E+0	47.0021E-9	19.5967E+3	115.600E+0	56.3699E-9
115.650E+0	-136.000E+0	46.9940E-9	20.2100E+3	115.650E+0	56.3605E-9
115.700E+0	-136.000E+0	47.1402E-9	19.4800E+3	115.700E+0	56.5376E-9
115.750E+0	-136.000E+0	47.1403E-9	21.0267E+3	115.750E+0	56.5395E-9
115.800E+0	-136.000E+0	47.1659E-9	19.7867E+3	115.800E+0	56.5704E-9
115.850E+0	-136.000E+0	47.1909E-9	22.0733E+3	115.850E+0	56.5955E-9
115.900E+0	-136.000E+0	47.2082E-9	19.8133E+3	115.900E+0	56.6205E-9
115.950E+0	-136.000E+0	47.2199E-9	21.4933E+3	115.950E+0	56.6367E-9
116.000E+0	-136.000E+0	47.1531E-9	20.7500E+3	116.000E+0	56.5542E-9
116.050E+0	-136.000E+0	47.2147E-9	22.4400E+3	116.050E+0	56.6282E-9
116.100E+0	-136.000E+0	47.1221E-9	21.9700E+3	116.100E+0	56.5147E-9
116.150E+0	-136.000E+0	47.1469E-9	21.4400E+3	116.150E+0	56.5447E-9
116.200E+0	-136.000E+0	47.1274E-9	23.2567E+3	116.200E+0	56.5190E-9
116.250E+0	-136.000E+0	47.1086E-9	23.7133E+3	116.250E+0	56.4970E-9
116.300E+0	-136.000E+0	46.9572E-9	23.0567E+3	116.300E+0	56.3165E-9
116.350E+0	-136.000E+0	46.9647E-9	24.4467E+3	116.350E+0	56.3234E-9
116.400E+0	-136.000E+0	46.7801E-9	23.1733E+3	116.400E+0	56.1051E-9
116.450E+0	-136.000E+0	46.8038E-9	24.3467E+3	116.450E+0	56.1340E-9
116.500E+0	-136.000E+0	47.1131E-9	24.6100E+3	116.500E+0	56.5067E-9
116.550E+0	-136.000E+0	46.9229E-9	25.7233E+3	116.550E+0	56.2774E-9
116.600E+0	-136.000E+0	46.9367E-9	26.0500E+3	116.600E+0	56.2933E-9
116.650E+0	-136.000E+0	46.9063E-9	25.9233E+3	116.650E+0	56.2584E-9
116.700E+0	-136.000E+0	46.9521E-9	24.9200E+3	116.700E+0	56.3136E-9
116.750E+0	-136.000E+0	46.9099E-9	26.9233E+3	116.750E+0	56.2597E-9
116.800E+0	-136.000E+0	46.8884E-9	25.7333E+3	116.800E+0	56.2372E-9
116.850E+0	-136.000E+0	46.9178E-9	27.5367E+3	116.850E+0	56.2744E-9
116.900E+0	-136.000E+0	46.9717E-9	28.1767E+3	116.900E+0	56.3407E-9
116.950E+0	-136.000E+0	46.9176E-9	26.6300E+3	116.950E+0	56.2775E-9
117.000E+0	-136.000E+0	46.9491E-9	30.1533E+3	117.000E+0	56.3098E-9
117.050E+0	-136.000E+0	46.9556E-9	28.7700E+3	117.050E+0	56.3180E-9
117.100E+0	-136.000E+0	46.9640E-9	27.9633E+3	117.100E+0	56.3265E-9
117.150E+0	-136.000E+0	46.9013E-9	30.0400E+3	117.150E+0	56.2506E-9
117.200E+0	-136.000E+0	46.9598E-9	30.0400E+3	117.200E+0	56.3246E-9
117.250E+0	-136.000E+0	47.0041E-9	29.0833E+3	117.250E+0	56.3779E-9
117.300E+0	-136.000E+0	46.9661E-9	29.7200E+3	117.300E+0	56.3339E-9
117.350E+0	-136.000E+0	46.9157E-9	30.8233E+3	117.350E+0	56.2734E-9
117.400E+0	-136.000E+0	46.9861E-9	33.2533E+3	117.400E+0	56.3550E-9
117.450E+0	-136.000E+0	46.9327E-9	34.5133E+3	117.450E+0	56.2942E-9
117.500E+0	-136.000E+0	46.9449E-9	32.0833E+3	117.500E+0	56.3063E-9
117.550E+0	-136.000E+0	46.9976E-9	32.7167E+3	117.550E+0	56.3670E-9
117.600E+0	-136.000E+0	46.9957E-9	33.7500E+3	117.600E+0	56.3671E-9
117.650E+0	-136.000E+0	47.0587E-9	34.3700E+3	117.650E+0	56.4402E-9
117.700E+0	-136.000E+0	47.2520E-9	34.1800E+3	117.700E+0	56.6731E-9
117.750E+0	-136.000E+0	47.1938E-9	36.0400E+3	117.750E+0	56.6067E-9
117.800E+0	-136.000E+0	47.1970E-9	38.2767E+3	117.800E+0	56.6124E-9
117.850E+0	-136.000E+0	47.2702E-9	35.2100E+3	117.850E+0	56.6920E-9
117.900E+0	-136.000E+0	47.2768E-9	36.5667E+3	117.900E+0	56.7041E-9
117.950E+0	-136.000E+0	47.1612E-9	40.7500E+3	117.950E+0	56.5636E-9
118.000E+0	-136.000E+0	47.0577E-9	39.0133E+3	118.000E+0	56.4422E-9
118.050E+0	-136.000E+0	47.0799E-9	38.3033E+3	118.050E+0	56.4652E-9
118.100E+0	-136.000E+0	47.0458E-9	39.3933E+3	118.100E+0	56.4284E-9
118.150E+0	-136.000E+0	47.0746E-9	40.1800E+3	118.150E+0	56.4602E-9
118.200E+0	-136.000E+0	47.0937E-9	42.0433E+3	118.200E+0	56.4761E-9
118.250E+0	-136.000E+0	47.0741E-9	40.9933E+3	118.250E+0	56.4536E-9
118.300E+0	-136.000E+0	46.9224E-9	41.0200E+3	118.300E+0	56.2753E-9
118.350E+0	-136.000E+0	47.2372E-9	42.8133E+3	118.350E+0	56.6584E-9
118.400E+0	-136.000E+0	47.2642E-9	43.7967E+3	118.400E+0	56.6886E-9
118.450E+0	-136.000E+0	47.2012E-9	43.0033E+3	118.450E+0	56.6077E-9
118.500E+0	-136.000E+0	47.1656E-9	46.5167E+3	118.500E+0	56.5693E-9
118.550E+0	-136.000E+0	47.2595E-9	45.5467E+3	118.550E+0	56.6860E-9
118.600E+0	-136.000E+0	47.2073E-9	46.5267E+3	118.600E+0	56.6162E-9
118.650E+0	-136.000E+0	47.2391E-9	48.8067E+3	118.650E+0	56.6577E-9
118.700E+0	-136.000E+0	46.9194E-9	46.8200E+3	118.700E+0	56.2689E-9
118.750E+0	-136.000E+0	47.0634E-9	51.3500E+3	118.750E+0	56.4420E-9
118.800E+0	-136.000E+0	47.0443E-9	48.9733E+3	118.800E+0	56.4184E-9
118.850E+0	-136.000E+0	47.0414E-9	51.5600E+3	118.850E+0	56.4130E-9
118.900E+0	-136.000E+0	47.0499E-9	51.7067E+3	118.900E+0	56.4244E-9
118.950E+0	-136.000E+0	47.0270E-9	49.5533E+3	118.950E+0	56.3977E-9
119.000E+0	-136.000E+0	47.0842E-9	50.8933E+3	119.000E+0	56.4683E-9
119.050E+0	-136.000E+0	47.3312E-9	53.7733E+3	119.050E+0	56.7665E-9
119.100E+0	-136.000E+0	47.0273E-9	53.6133E+3	119.100E+0	56.4016E-9
119.150E+0	-136.000E+0	46.8900E-9	53.0133E+3	119.150E+0	56.2407E-9
119.200E+0	-136.000E+0	46.8949E-9	51.7133E+3	119.200E+0	56.2407E-9
119.250E+0	-136.000E+0	47.0480E-9	55.9567E+3	119.250E+0	56.4253E-9
119.300E+0	-136.000E+0	47.0626E-9	56.5167E+3	119.300E+0	56.4427E-9
119.350E+0	-136.000E+0	47.1875E-9	56.3100E+3	119.350E+0	56.6002E-9
119.400E+0	-136.000E+0	47.1777E-9	55.4833E+3	119.400E+0	56.5847E-9
119.450E+0	-136.000E+0	46.9861E-9	58.1367E+3	119.450E+0	56.3567E-9
119.500E+0	-136.000E+0	47.0736E-9	57.3333E+3	119.500E+0	56.4617E-9
119.550E+0	-136.000E+0	47.1063E-9	57.2800E+3	119.550E+0	56.4961E-9
119.600E+0	-136.000E+0	47.0584E-9	56.5667E+3	119.600E+0	56.4404E-9
119.650E+0	-136.000E+0	47.0687E-9	58.2500E+3	119.650E+0	56.4536E-9
119.700E+0	-136.000E+0	47.1204E-9	60.9200E+3	119.700E+0	56.5153E-9
119.750E+0	-136.000E+0	47.1242E-9	61.2700E+3	119.750E+0	56.5216E-9
119.800E+0	-136.000E+0	47.2180E-9	62.7467E+3	119.800E+0	56.6334E-9
119.850E+0	-136.000E+0	47.0674E-9	58.8200E+3	119.850E+0	56.4514E-9
119.900E+0	-136.000E+0	47.1071E-9	60.4367E+3	119.900E+0	56.5032E-9
119.950E+0	-136.000E+0	47.0329E-9	61.3467E+3	119.950E+0	56.4107E-9
120.000E+0	-136.000E+0	47.0416E-9	60.4000E+3	120.000E+0	56.4207E-9
120.050E+0	-136.000E+0	46.9661E-9	60.8967E+3	120.050E+0	56.3275E-9
120.100E+0	-136.000E+0	47.2515E-9	62.1467E+3	120.100E+0	56.6709E-9
120.150E+0	-136.000E+0	47.2618E-9	62.1900E+3	120.150E+0	56.6872E-9
120.200E+0	-136.000E+0	47.2715E-9	59.5767E+3	120.200E+0	56.6943E-9
120.250E+0	-136.000E+0	47.1225E-9	59.0833E+3	120.250E+0	56.5182E-9
120.300E+0	-136.000E+0	47.2418E-9	58.7700E+3	120.300E+0	56.6622E-9
120.350E+0	-136.000E+0	47.2809E-9	58.9767E+3	120.350E+0	56.7073E-9
120.400E+0	-136.000E+0	47.2761E-9	60.9833E+3	120.400E+0	56.6969E-9
120.450E+0	-136.000E+0	47.1193E-9	60.2433E+3	120.450E+0	56.5138E-9
120.500E+0	-136.000E+0	47.2947E-9	59.4067E+3	120.500E+0	56.7238E-9
120.550E+0	-136.000E+0	47.2540E-9	59.9567E+3	120.550E+0	56.6740E-9
120.600E+0	-136.000E+0	47.1953E-9	63.2367E+3	120.600E+0	56.5996E-9
120.650E+0	-136.000E+0	47.1165E-9	58.3467E+3	120.650E+0	56.5109E-9
120.700E+0	-136.000E+0	47.2620E-9	59.6000E+3	120.700E+0	56.6929E-9
120.750E+0	-136.000E+0	47.0643E-9	58.3000E+3	120.750E+0	56.4475E-9
120.800E+0	-136.000E+0	47.0133E-9	55.2433E+3	120.800E+0	56.3889E-9
120.850E+0	-136.000E+0	47.1246E-9	56.6300E+3	120.850E+0	56.5223E-9
120.900E+0	-136.000E+0	47.1744E-9	57.6033E+3	120.900E+0	56.5768E-9
120.950E+0	-136.000E+0	47.1224E-9	57.3600E+3	120.950E+0	56.5206E-9
121.000E+0	-136.000E+0	47.0937E-9	58.8933E+3	121.000E+0	56.4840E-9
121.050E+0	-136.000E+0	47.1605E-9	54.2133E+3	121.050E+0	56.5589E-9
121.100E+0	-136.000E+0	47.1242E-9	56.5867E+3	121.100E+0	56.5233E-9
121.150E+0	-136.000E+0	47.0870E-9	56.3567E+3	121.150E+0	56.4750E-9
121.200E+0	-136.000E+0	47.1910E-9	52.9800E+3	121.200E+0	56.5972E-9
121.250E+0	-136.000E+0	47.3838E-9	52.7833E+3	121.250E+0	56.8269E-9
121.300E+0	-136.000E+0	47.3012E-9	53.1600E+3	121.300E+0	56.7338E-9
121.350E+0	-136.000E+0	47.2506E-9	53.3400E+3	121.350E+0	56.6708E-9
121.400E+0	-136.000E+0	47.0860E-9	50.5800E+3	121.400E+0	56.4782E-9
121.450E+0	-136.000E+0	47.1483E-9	51.5600E+3	121.450E+0	56.5513E-9
121.500E+0	-136.000E+0	47.1132E-9	51.0033E+3	121.500E+0	56.5047E-9
121.550E+0	-136.000E+0	47.1498E-9	50.2967E+3	121.550E+0	56.5522E-9
121.600E+0	-136.000E+0	47.0587E-9	49.0000E+3	121.600E+0	56.4435E-9
121.650E+0	-136.000E+0	47.1087E-9	48.6267E+3	121.650E+0	56.5024E-9
121.700E+0	-136.000E+0	47.0050E-9	49.8767E+3	121.700E+0	56.3776E-9
121.750E+0	-136.000E+0	47.1288E-9	47.3067E+3	121.750E+0	56.5259E-9
121.800E+0	-136.000E+0	47.1424E-9	49.2233E+3	121.800E+0	56.5428E-9
121.850E+0	-136.000E+0	47.1247E-9	49.4233E+3	121.850E+0	56.5224E-9
121.900E+0	-136.000E+0	47.1177E-9	47.0900E+3	121.900E+0	56.5149E-9
121.950E+0	-136.000E+0	47.0721E-9	48.3433E+3	121.950E+0	56.4631E-9
122.000E+0	-136.000E+0	47.1356E-9	46.7067E+3	122.000E+0	56.5347E-9
122.050E+0	-136.000E+0	47.1118E-9	46.4233E+3	122.050E+0	56.5076E-9
122.100E+0	-136.000E+0	46.9347E-9	48.5867E+3	122.100E+0	56.2972E-9
122.150E+0	-136.000E+0	47.1229E-9	47.5000E+3	122.150E+0	56.5243E-9
122.200E+0	-136.000E+0	47.1096E-9	45.1167E+3	122.200E+0	56.5051E-9
122.250E+0	-136.000E+0	47.1123E-9	45.2367E+3	122.250E+0	56.5104E-9
122.300E+0	-136.000E+0	47.1074E-9	46.7733E+3	122.300E+0	56.5020E-9
122.350E+0	-136.000E+0	47.1014E-9	47.2167E+3	122.350E+0	56.4963E-9
122.400E+0	-136.000E+0	47.1526E-9	46.5033E+3	122.400E+0	56.5590E-9
122.450E+0	-136.000E+0	47.0910E-9	44.7400E+3	122.450E+0	56.4839E-9
122.500E+0	-136.000E+0	47.0773E-9	44.6033E+3	122.500E+0	56.4684E-9
122.550E+0	-136.000E+0	47.1431E-9	46.7567E+3	122.550E+0	56.5455E-9
122.600E+0	-136.000E+0	47.1484E-9	43.6067E+3	122.600E+0	56.5539E-9
122.650E+0	-136.000E+0	47.1137E-9	44.4400E+3	122.650E+0	56.5126E-9
122.700E+0	-136.000E+0	47.0815E-9	45.3033E+3	122.700E+0	56.4717E-9
122.750E+0	-136.000E+0	47.1204E-9	42.1867E+3	122.750E+0	56.5197E-9
122.800E+0	-136.000E+0	47.1563E-9	47.1333E+3	122.800E+0	56.5631E-9
122.850E+0	-136.000E+0	47.1755E-9	44.4300E+3	122.850E+0	56.5818E-9
122.900E+0	-136.000E+0	47.1860E-9	46.9467E+3	122.900E+0	56.6036E-9
122.950E+0	-136.000E+0	47.0671E-9	45.9167E+3	122.950E+0	56.4604E-9
123.000E+0	-136.000E+0	47.1319E-9	45.6333E+3	123.000E+0	56.5315E-9
123.050E+0	-136.000E+0	47.1392E-9	47.4533E+3	123.050E+0	56.5433E-9
123.100E+0	-136.000E+0	47.1636E-9	45.0667E+3	123.100E+0	56.5749E-9
123.150E+0	-136.000E+0	47.0802E-9	45.9333E+3	123.150E+0	56.4726E-9
123.200E+0	-136.000E+0	47.1836E-9	46.9333E+3	123.200E+0	56.5991E-9
123.250E+0	-136.000E+0	47.1815E-9	47.2500E+3	123.250E+0	56.5914E-9
123.300E+0	-136.000E+0	47.1088E-9	46.6433E+3	123.300E+0	56.5074E-9
123.350E+0	-136.000E+0	47.1138E-9	48.0967E+3	123.350E+0	56.5161E-9
123.400E+0	-136.000E+0	47.0526E-9	49.9067E+3	123.400E+0	56.4409E-9
123.450E+0	-136.000E+0	47.0460E-9	47.7667E+3	123.450E+0	56.4308E-9
123.500E+0	-136.000E+0	47.0565E-9	47.3767E+3	123.500E+0	56.4474E-9
123.550E+0	-136.000E+0	47.1486E-9	48.3900E+3	123.550E+0	56.5566E-9
123.600E+0	-136.000E+0	47.0859E-9	49.4033E+3	123.600E+0	56.4819E-9
123.650E+0	-136.000E+0	47.1278E-9	50.8533E+3	123.650E+0	56.5309E-9
123.700E+0	-136.000E+0	47.1027E-9	48.8667E+3	123.700E+0	56.4975E-9
123.750E+0	-136.000E+0	47.1297E-9	49.7800E+3	123.750E+0	56.5295E-9
123.800E+0	-136.000E+0	47.0621E-9	52.8167E+3	123.800E+0	56.4473E-9
123.850E+0	-136.000E+0	47.1135E-9	50.7867E+3	123.850E+0	56.5157E-9
123.900E+0	-136.000E+0	47.1420E-9	51.5467E+3	123.900E+0	56.5492E-9
123.950E+0	-136.000E+0	47.1384E-9	56.1867E+3	123.950E+0	56.5386E-9
124.000E+0	-136.000E+0	47.1511E-9	55.9967E+3	124.000E+0	56.5610E-9
124.050E+0	-136.000E+0	47.1124E-9	57.3633E+3	124.050E+0	56.5110E-9
124.100E+0	-136.000E+0	47.1176E-9	59.9833E+3	124.100E+0	56.5166E-9
124.150E+0	-136.000E+0	47.0405E-9	60.9633E+3	124.150E+0	56.4233E-9
124.200E+0	-136.000E+0	47.0934E-9	61.8433E+3	124.200E+0	56.4890E-9
124.250E+0	-136.000E+0	47.1036E-9	62.2000E+3	124.250E+0	56.4976E-9
124.300E+0	-136.000E+0	47.1497E-9	63.4967E+3	124.300E+0	56.5558E-9
124.350E+0	-136.000E+0	47.1166E-9	66.9733E+3	124.350E+0	56.5180E-9
124.400E+0	-136.000E+0	47.1169E-9	68.3533E+3	124.400E+0	56.5180E-9
124.450E+0	-136.000E+0	47.0864E-9	75.2167E+3	124.450E+0	56.4827E-9
124.500E+0	-136.000E+0	47.2468E-9	81.1533E+3	124.500E+0	56.6747E-9
124.550E+0	-136.000E+0	47.2112E-9	88.0633E+3	124.550E+0	56.6310E-9
124.600E+0	-136.000E+0	47.1434E-9	88.2467E+3	124.600E+0	56.5460E-9
124.650E+0	-136.000E+0	47.0752E-9	93.7133E+3	124.650E+0	56.4684E-9
124.700E+0	-136.000E+0	46.9142E-9	101.630E+3	124.700E+0	56.2709E-9
124.750E+0	-136.000E+0	46.9191E-9	111.570E+3	124.750E+0	56.2757E-9
124.800E+0	-136.000E+0	46.9294E-9	117.850E+3	124.800E+0	56.2898E-9
124.850E+0	-136.000E+0	47.0820E-9	126.967E+3	124.850E+0	56.4754E-9
124.900E+0	-136.000E+0	47.0867E-9	134.820E+3	124.900E+0	56.4834E-9
124.950E+0	-136.000E+0	47.0768E-9	143.680E+3	124.950E+0	56.4718E-9
125.000E+0	-136.000E+0	47.0851E-9	156.633E+3	125.000E+0	56.4798E-9
125.050E+0	-136.000E+0	47.1318E-9	166.863E+3	125.050E+0	56.5302E-9
125.100E+0	-136.000E+0	46.9401E-9	177.847E+3	125.100E+0	56.3025E-9
125.150E+0	-136.000E+0	47.0925E-9	190.833E+3	125.150E+0	56.4831E-9
125.200E+0	-136.000E+0	47.0955E-9	205.480E+3	125.200E+0	56.4882E-9
125.250E+0	-136.000E+0	47.0596E-9	218.880E+3	125.250E+0	56.4496E-9
125.300E+0	-136.000E+0	47.0511E-9	230.883E+3	125.300E+0	56.4373E-9
125.350E+0	-136.000E+0	47.2959E-9	245.680E+3	125.350E+0	56.7312E-9
125.400E+0	-136.000E+0	47.2663E-9	255.887E+3	125.400E+0	56.6920E-9
125.450E+0	-136.000E+0	47.1129E-9	266.603E+3	125.450E+0	56.5094E-9
125.500E+0	-136.000E+0	47.0754E-9	290.827E+3	125.500E+0	56.4652E-9
125.550E+0	-136.000E+0	47.0732E-9	300.133E+3	125.550E+0	56.4574E-9
125.600E+0	-136.000E+0	47.1040E-9	304.067E+3	125.600E+0	56.4996E-9
125.650E+0	-136.000E+0	47.1212E-9	324.673E+3	125.650E+0	56.5200E-9
125.700E+0	-136.000E+0	46.9241E-9	332.043E+3	125.700E+0	56.2765E-9
125.750E+0	-136.000E+0	46.6166E-9	345.333E+3	125.750E+0	55.9091E-9
125.800E+0	-136.000E+0	46.6415E-9	353.193E+3	125.800E+0	55.9396E-9
125.850E+0	-136.000E+0	46.6729E-9	367.477E+3	125.850E+0	55.9761E-9
125.900E+0	-136.000E+0	46.7489E-9	376.343E+3	125.900E+0	56.0737E-9
125.950E+0	-136.000E+0	47.0949E-9	392.673E+3	125.950E+0	56.4911E-9
126.000E+0	-136.000E+0	47.0974E-9	409.860E+3	126.000E+0	56.4945E-9
126.050E+0	-136.000E+0	47.2566E-9	426.100E+3	126.050E+0	56.6788E-9
126.100E+0	-136.000E+0	47.3477E-9	444.283E+3	126.100E+0	56.7846E-9
126.150E+0	-136.000E+0	47.0895E-9	456.180E+3	126.150E+0	56.4806E-9
126.200E+0	-136.000E+0	47.0648E-9	469.920E+3	126.200E+0	56.4529E-9
126.250E+0	-136.000E+0	47.0754E-9	491.577E+3	126.250E+0	56.4639E-9
126.300E+0	-136.000E+0	46.9217E-9	501.723E+3	126.300E+0	56.2727E-9
126.350E+0	-136.000E+0	46.9163E-9	513.133E+3	126.350E+0	56.2768E-9
126.400E+0	-136.000E+0	46.9208E-9	521.093E+3	126.400E+0	56.2829E-9
126.450E+0	-136.000E+0	46.9328E-9	537.167E+3	126.450E+0	56.2977E-9
126.500E+0	-136.000E+0	46.9291E-9	545.330E+3	126.500E+0	56.2891E-9
126.550E+0	-136.000E+0	46.9218E-9	556.063E+3	126.550E+0	56.2803E-9
126.600E+0	-136.000E+0	46.9782E-9	571.233E+3	126.600E+0	56.3490E-9
126.650E+0	-136.000E+0	46.9274E-9	576.547E+3	126.650E+0	56.2832E-9
126.700E+0	-136.000E+0	46.9625E-9	582.053E+3	126.700E+0	56.3367E-9
126.750E+0	-136.000E+0	47.0789E-9	584.197E+3	126.750E+0	56.4713E-9
126.800E+0	-136.000E+0	46.9996E-9	579.037E+3	126.800E+0	56.3724E-9
126.850E+0	-136.000E+0	47.2482E-9	584.570E+3	126.850E+0	56.6705E-9
126.900E+0	-136.000E+0	47.0698E-9	586.453E+3	126.900E+0	56.4528E-9
126.950E+0	-136.000E+0	47.0957E-9	581.807E+3	126.950E+0	56.4901E-9
127.000E+0	-136.000E+0	47.0727E-9	573.360E+3	127.000E+0	56.4622E-9
127.050E+0	-136.000E+0	47.0757E-9	572.170E+3	127.050E+0	56.4607E-9
127.100E+0	-136.000E+0	47.0482E-9	558.023E+3	127.100E+0	56.4326E-9
127.150E+0	-136.000E+0	47.0126E-9	554.370E+3	127.150E+0	56.3878E-9
127.200E+0	-136.000E+0	47.0117E-9	535.290E+3	127.200E+0	56.3852E-9
127.250E+0	-136.000E+0	47.0697E-9	534.037E+3	127.250E+0	56.4571E-9
127.300E+0	-136.000E+0	47.0675E-9	529.847E+3	127.300E+0	56.4572E-9
127.350E+0	-136.000E+0	47.0999E-9	514.520E+3	127.350E+0	56.4928E-9
127.400E+0	-136.000E+0	47.0966E-9	504.123E+3	127.400E+0	56.4884E-9
127.450E+0	-136.000E+0	47.1047E-9	484.700E+3	127.450E+0	56.4961E-9
127.500E+0	-136.000E+0	47.1262E-9	469.163E+3	127.500E+0	56.5232E-9
127.550E+0	-136.000E+0	47.0247E-9	448.170E+3	127.550E+0	56.4014E-9
127.600E+0	-136.000E+0	47.1624E-9	428.657E+3	127.600E+0	56.5722E-9
127.650E+0	-136.000E+0	47.1157E-9	414.070E+3	127.650E+0	56.5114E-9
127.700E+0	-136.000E+0	47.1103E-9	389.963E+3	127.700E+0	56.5127E-9
127.750E+0	-136.000E+0	47.1630E-9	363.010E+3	127.750E+0	56.5706E-9
127.800E+0	-136.000E+0	47.0823E-9	331.663E+3	127.800E+0	56.4681E-9
127.850E+0	-136.000E+0	47.0912E-9	312.133E+3	127.850E+0	56.4839E-9
127.900E+0	-136.000E+0	47.1059E-9	281.447E+3	127.900E+0	56.4993E-9
127.950E+0	-136.000E+0	47.0991E-9	262.800E+3	127.950E+0	56.4905E-9
128.000E+0	-136.000E+0	47.0987E-9	229.963E+3	128.000E+0	56.4876E-9
128.050E+0	-136.000E+0	47.0604E-9	201.633E+3	128.050E+0	56.4387E-9
128.100E+0	-136.000E+0	47.0968E-9	176.780E+3	128.100E+0	56.4893E-9
128.150E+0	-136.000E+0	47.0977E-9	155.823E+3	128.150E+0	56.4887E-9
128.200E+0	-136.000E+0	47.1023E-9	126.103E+3	128.200E+0	56.4956E-9
128.250E+0	-136.000E+0	47.1041E-9	110.627E+3	128.250E+0	56.4977E-9
128.300E+0	-136.000E+0	47.0699E-9	93.4733E+3	128.300E+0	56.4582E-9
128.350E+0	-136.000E+0	47.0901E-9	76.3333E+3	128.350E+0	56.4863E-9
128.400E+0	-136.000E+0	47.1007E-9	60.3400E+3	128.400E+0	56.4916E-9
128.450E+0	-136.000E+0	47.0972E-9	52.0867E+3	128.450E+0	56.4902E-9
128.500E+0	-136.000E+0	47.0967E-9	42.6167E+3	128.500E+0	56.4877E-9
128.550E+0	-136.000E+0	47.2781E-9	33.9200E+3	128.550E+0	56.7108E-9
128.600E+0	-136.000E+0	47.2787E-9	28.3867E+3	128.600E+0	56.7129E-9
128.650E+0	-136.000E+0	47.2629E-9	22.0433E+3	128.650E+0	56.6915E-9
128.700E+0	-136.000E+0	47.1809E-9	17.0667E+3	128.700E+0	56.5873E-9
128.750E+0	-136.000E+0	47.1089E-9	13.9000E+3	128.750E+0	56.4987E-9
128.800E+0	-136.000E+0	47.1255E-9	9.20000E+3	128.800E+0	56.5217E-9
128.850E+0	-136.000E+0	47.1029E-9	6.82667E+3	128.850E+0	56.4977E-9
128.900E+0	-136.000E+0	47.1118E-9	4.50333E+3	128.900E+0	56.5065E-9
128.950E+0	-136.000E+0	47.0820E-9	2.66667E+3	128.950E+0	56.4765E-9
129.000E+0	-136.000E+0	47.1139E-9	1.88333E+3	129.000E+0	56.5130E-9
129.050E+0	-136.000E+0	47.1060E-9	1.68667E+3	129.050E+0	56.4999E-9
129.100E+0	-136.000E+0	47.2913E-9	1.09000E+3	129.100E+0	56.7241E-9
129.150E+0	-136.000E+0	47.3047E-9	550.000E+0	129.150E+0	56.7381E-9
129.200E+0	-136.000E+0	47.3027E-9	570.000E+0	129.200E+0	56.7332E-9
129.250E+0	-136.000E+0	47.2744E-9	473.333E+0	129.250E+0	56.7004E-9
129.300E+0	-136.000E+0	47.2994E-9	500.000E+0	129.300E+0	56.7348E-9
129.350E+0	-136.000E+0	47.2874E-9	120.000E+0	129.350E+0	56.7245E-9
129.400E+0	-136.000E+0	47.1139E-9	240.000E+0	129.400E+0	56.5101E-9
129.450E+0	-136.000E+0	47.0833E-9	170.000E+0	129.450E+0	56.4768E-9
129.500E+0	-136.000E+0	47.1124E-9	116.667E+0	129.500E+0	56.5089E-9
129.550E+0	-136.000E+0	47.1317E-9	86.6667E+0	129.550E+0	56.5281E-9
129.600E+0	-136.000E+0	47.1417E-9	166.667E+0	129.600E+0	56.5453E-9
129.650E+0	-136.000E+0	47.1363E-9	130.000E+0	129.650E+0	56.5378E-9
129.700E+0	-136.000E+0	46.9867E-9	176.667E+0	129.700E+0	56.3561E-9
129.750E+0	-136.000E+0	46.9700E-9	86.6667E+0	129.750E+0	56.3366E-9
129.800E+0	-136.000E+0	46.9151E-9	153.333E+0	129.800E+0	56.2707E-9
129.850E+0	-136.000E+0	46.9288E-9	146.667E+0	129.850E+0	56.2858E-9
129.900E+0	-136.000E+0	46.9332E-9	66.6667E+0	129.900E+0	56.2881E-9
129.950E+0	-136.000E+0	46.9201E-9	126.667E+0	129.950E+0	56.2727E-9
130.000E+0	-136.000E+0	47.1370E-9	56.6667E+0	130.000E+0	56.5366E-9
