Experiment	Z spectroscopy	
Date	02.05.2018 17:07:33	
User		
X (m)	639.704E-9	
Y (m)	362.349E-9	
Z (m)	-59.122E-9	
Z offset (m)	0E+0	
Z sweep distance (m)	-50E-9	
Settling time (s)	250E-6	
Integration time (s)	1E-3	
Final Z (m)	N/A	
Filter type	None	
Order		
Cutoff frq		
Comment01	Clam 38 eV	

[DATA]
Z rel (m)	Current (A)	Tip Current (A)	Pressure Lisa (V)	Channeltron (Hz)	CLAM  2 (Hz)	Bias (V)	Z (m)	Current [bwd] (A)	Tip Current [bwd] (A)	Pressure Lisa [bwd] (V)	Channeltron [bwd] (Hz)	CLAM  2 [bwd] (Hz)	Bias [bwd] (V)	Z [bwd] (m)
0.00000E+0	-227.562E-9	225.327E-9	3.31496E+0	48.8000E+3	5.60000E+3	-115.000E+0	-59.1220E-9	-243.578E-9	240.176E-9	3.31128E+0	55.8000E+3	5.10000E+3	-115.000E+0	-59.1220E-9
100.200E-12	-227.540E-9	225.154E-9	3.31523E+0	50.7000E+3	3.10000E+3	-115.000E+0	-59.0218E-9	-243.223E-9	242.577E-9	3.31113E+0	52.5000E+3	5.30000E+3	-115.000E+0	-59.0218E-9
200.401E-12	-227.128E-9	225.320E-9	3.31501E+0	47.6000E+3	4.60000E+3	-115.000E+0	-58.9216E-9	-241.498E-9	239.573E-9	3.31101E+0	53.6000E+3	5.10000E+3	-115.000E+0	-58.9216E-9
300.601E-12	-225.801E-9	223.080E-9	3.31467E+0	49.1000E+3	4.40000E+3	-115.000E+0	-58.8214E-9	-240.339E-9	237.989E-9	3.31095E+0	51.6000E+3	6.10000E+3	-115.000E+0	-58.8214E-9
400.802E-12	-225.648E-9	223.899E-9	3.31428E+0	45.9000E+3	4.50000E+3	-115.000E+0	-58.7212E-9	-239.588E-9	238.388E-9	3.31136E+0	51.1000E+3	4.80000E+3	-115.000E+0	-58.7212E-9
501.002E-12	-225.011E-9	222.334E-9	3.31380E+0	47.6000E+3	4.40000E+3	-115.000E+0	-58.6210E-9	-239.170E-9	237.780E-9	3.31158E+0	55.4000E+3	5.20000E+3	-115.000E+0	-58.6210E-9
601.202E-12	-223.984E-9	221.651E-9	3.31365E+0	48.9000E+3	4.40000E+3	-115.000E+0	-58.5208E-9	-238.532E-9	236.625E-9	3.31194E+0	53.0000E+3	5.10000E+3	-115.000E+0	-58.5208E-9
701.403E-12	-223.173E-9	220.643E-9	3.31342E+0	52.3000E+3	4.30000E+3	-115.000E+0	-58.4206E-9	-238.118E-9	235.063E-9	3.31240E+0	50.7000E+3	4.30000E+3	-115.000E+0	-58.4206E-9
801.603E-12	-221.541E-9	218.340E-9	3.31321E+0	48.2000E+3	4.50000E+3	-115.000E+0	-58.3204E-9	-237.875E-9	235.598E-9	3.31277E+0	48.9000E+3	6.20000E+3	-115.000E+0	-58.3204E-9
901.804E-12	-221.079E-9	218.592E-9	3.31308E+0	48.6000E+3	5.60000E+3	-115.000E+0	-58.2202E-9	-237.128E-9	236.072E-9	3.31298E+0	53.5000E+3	5.50000E+3	-115.000E+0	-58.2202E-9
1.00200E-9	-221.415E-9	219.776E-9	3.31347E+0	47.9000E+3	5.30000E+3	-115.000E+0	-58.1200E-9	-236.510E-9	233.715E-9	3.31283E+0	52.5000E+3	5.70000E+3	-115.000E+0	-58.1200E-9
1.10220E-9	-221.042E-9	219.115E-9	3.31345E+0	49.8000E+3	4.10000E+3	-115.000E+0	-58.0198E-9	-235.605E-9	234.543E-9	3.31261E+0	46.4000E+3	4.90000E+3	-115.000E+0	-58.0198E-9
1.20240E-9	-220.275E-9	218.529E-9	3.31404E+0	47.0000E+3	3.80000E+3	-115.000E+0	-57.9196E-9	-235.737E-9	232.518E-9	3.31221E+0	49.1000E+3	5.30000E+3	-115.000E+0	-57.9196E-9
1.30261E-9	-219.727E-9	217.930E-9	3.31432E+0	52.5000E+3	4.70000E+3	-115.000E+0	-57.8194E-9	-235.032E-9	232.776E-9	3.31210E+0	51.3000E+3	4.60000E+3	-115.000E+0	-57.8194E-9
1.40281E-9	-218.857E-9	217.052E-9	3.31453E+0	52.3000E+3	4.20000E+3	-115.000E+0	-57.7192E-9	-234.454E-9	233.751E-9	3.31164E+0	50.8000E+3	6.70000E+3	-115.000E+0	-57.7192E-9
1.50301E-9	-217.666E-9	216.133E-9	3.31501E+0	49.7000E+3	4.50000E+3	-115.000E+0	-57.6190E-9	-234.089E-9	231.853E-9	3.31161E+0	52.5000E+3	3.90000E+3	-115.000E+0	-57.6190E-9
1.60321E-9	-217.049E-9	214.930E-9	3.31528E+0	50.6000E+3	4.20000E+3	-115.000E+0	-57.5188E-9	-233.248E-9	231.415E-9	3.31139E+0	50.7000E+3	5.10000E+3	-115.000E+0	-57.5188E-9
1.70341E-9	-216.747E-9	213.978E-9	3.31493E+0	45.1000E+3	3.60000E+3	-115.000E+0	-57.4186E-9	-232.910E-9	229.375E-9	3.31128E+0	49.9000E+3	5.10000E+3	-115.000E+0	-57.4186E-9
1.80361E-9	-216.503E-9	214.401E-9	3.31493E+0	49.0000E+3	3.80000E+3	-115.000E+0	-57.3184E-9	-232.683E-9	230.797E-9	3.31138E+0	51.5000E+3	5.50000E+3	-115.000E+0	-57.3184E-9
1.90381E-9	-215.176E-9	213.314E-9	3.31470E+0	48.9000E+3	4.10000E+3	-115.000E+0	-57.2182E-9	-232.115E-9	231.051E-9	3.31151E+0	52.8000E+3	6.10000E+3	-115.000E+0	-57.2182E-9
2.00401E-9	-215.517E-9	213.914E-9	3.31425E+0	50.4000E+3	3.10000E+3	-115.000E+0	-57.1180E-9	-230.992E-9	229.543E-9	3.31177E+0	52.0000E+3	4.60000E+3	-115.000E+0	-57.1180E-9
2.10421E-9	-215.655E-9	213.451E-9	3.31415E+0	49.9000E+3	3.10000E+3	-115.000E+0	-57.0178E-9	-230.884E-9	229.389E-9	3.31206E+0	51.7000E+3	5.00000E+3	-115.000E+0	-57.0178E-9
2.20441E-9	-214.505E-9	212.450E-9	3.31391E+0	50.0000E+3	3.20000E+3	-115.000E+0	-56.9176E-9	-230.286E-9	228.546E-9	3.31250E+0	53.8000E+3	4.20000E+3	-115.000E+0	-56.9176E-9
2.30461E-9	-213.789E-9	211.657E-9	3.31387E+0	51.3000E+3	3.90000E+3	-115.000E+0	-56.8174E-9	-230.493E-9	229.315E-9	3.31275E+0	51.1000E+3	4.40000E+3	-115.000E+0	-56.8174E-9
2.40481E-9	-214.178E-9	211.438E-9	3.31381E+0	48.3000E+3	5.70000E+3	-115.000E+0	-56.7172E-9	-230.311E-9	227.492E-9	3.31267E+0	48.5000E+3	3.50000E+3	-115.000E+0	-56.7172E-9
2.50501E-9	-213.322E-9	210.303E-9	3.31412E+0	48.8000E+3	6.00000E+3	-115.000E+0	-56.6170E-9	-229.423E-9	226.762E-9	3.31259E+0	47.3000E+3	4.80000E+3	-115.000E+0	-56.6170E-9
2.60521E-9	-213.227E-9	212.172E-9	3.31441E+0	45.7000E+3	4.00000E+3	-115.000E+0	-56.5168E-9	-229.100E-9	226.568E-9	3.31237E+0	50.5000E+3	4.40000E+3	-115.000E+0	-56.5168E-9
2.70541E-9	-212.748E-9	210.496E-9	3.31452E+0	49.1000E+3	5.60000E+3	-115.000E+0	-56.4166E-9	-229.152E-9	226.767E-9	3.31218E+0	50.0000E+3	4.50000E+3	-115.000E+0	-56.4166E-9
2.80561E-9	-212.498E-9	210.397E-9	3.31495E+0	46.4000E+3	3.00000E+3	-115.000E+0	-56.3164E-9	-228.234E-9	226.682E-9	3.31175E+0	47.7000E+3	6.00000E+3	-115.000E+0	-56.3164E-9
2.90581E-9	-212.902E-9	209.858E-9	3.31485E+0	51.5000E+3	4.40000E+3	-115.000E+0	-56.2162E-9	-227.759E-9	225.434E-9	3.31125E+0	49.1000E+3	6.20000E+3	-115.000E+0	-56.2162E-9
3.00601E-9	-212.157E-9	210.783E-9	3.31492E+0	47.6000E+3	4.70000E+3	-115.000E+0	-56.1160E-9	-227.518E-9	225.223E-9	3.31098E+0	55.2000E+3	4.20000E+3	-115.000E+0	-56.1160E-9
3.10621E-9	-211.526E-9	209.584E-9	3.31533E+0	51.1000E+3	5.00000E+3	-115.000E+0	-56.0158E-9	-226.836E-9	225.888E-9	3.31103E+0	43.7000E+3	6.20000E+3	-115.000E+0	-56.0158E-9
3.20641E-9	-211.275E-9	208.712E-9	3.31497E+0	48.6000E+3	4.00000E+3	-115.000E+0	-55.9156E-9	-226.475E-9	224.205E-9	3.31106E+0	50.1000E+3	4.30000E+3	-115.000E+0	-55.9156E-9
3.30661E-9	-211.260E-9	209.914E-9	3.31464E+0	47.1000E+3	4.30000E+3	-115.000E+0	-55.8154E-9	-226.504E-9	224.053E-9	3.31128E+0	51.7000E+3	5.60000E+3	-115.000E+0	-55.8154E-9
3.40681E-9	-211.244E-9	208.329E-9	3.31429E+0	47.3000E+3	4.70000E+3	-115.000E+0	-55.7152E-9	-226.033E-9	224.827E-9	3.31165E+0	48.1000E+3	5.60000E+3	-115.000E+0	-55.7152E-9
3.50701E-9	-211.228E-9	209.250E-9	3.31414E+0	45.3000E+3	4.60000E+3	-115.000E+0	-55.6150E-9	-225.510E-9	224.076E-9	3.31210E+0	49.6000E+3	4.10000E+3	-115.000E+0	-55.6150E-9
3.60721E-9	-211.217E-9	208.184E-9	3.31383E+0	50.0000E+3	3.70000E+3	-115.000E+0	-55.5148E-9	-224.954E-9	223.945E-9	3.31242E+0	46.3000E+3	4.60000E+3	-115.000E+0	-55.5148E-9
3.70741E-9	-210.711E-9	209.532E-9	3.31363E+0	46.3000E+3	4.90000E+3	-115.000E+0	-55.4146E-9	-224.686E-9	222.413E-9	3.31267E+0	50.1000E+3	3.50000E+3	-115.000E+0	-55.4146E-9
3.80762E-9	-210.351E-9	208.962E-9	3.31347E+0	44.2000E+3	5.00000E+3	-115.000E+0	-55.3144E-9	-224.146E-9	221.806E-9	3.31308E+0	49.6000E+3	5.00000E+3	-115.000E+0	-55.3144E-9
3.90782E-9	-209.900E-9	208.194E-9	3.31348E+0	47.6000E+3	4.60000E+3	-115.000E+0	-55.2142E-9	-223.851E-9	221.119E-9	3.31288E+0	47.8000E+3	4.40000E+3	-115.000E+0	-55.2142E-9
4.00802E-9	-209.512E-9	208.403E-9	3.31359E+0	48.3000E+3	5.50000E+3	-115.000E+0	-55.1140E-9	-223.625E-9	222.426E-9	3.31275E+0	49.0000E+3	3.20000E+3	-115.000E+0	-55.1140E-9
4.10822E-9	-209.064E-9	206.487E-9	3.31412E+0	49.0000E+3	4.50000E+3	-115.000E+0	-55.0138E-9	-222.713E-9	220.229E-9	3.31269E+0	48.3000E+3	6.10000E+3	-115.000E+0	-55.0138E-9
4.20842E-9	-208.358E-9	206.620E-9	3.31416E+0	47.9000E+3	3.70000E+3	-115.000E+0	-54.9136E-9	-223.741E-9	220.744E-9	3.31225E+0	45.8000E+3	4.40000E+3	-115.000E+0	-54.9136E-9
4.30862E-9	-208.231E-9	206.790E-9	3.31448E+0	44.4000E+3	3.00000E+3	-115.000E+0	-54.8134E-9	-223.229E-9	222.004E-9	3.31207E+0	50.2000E+3	3.20000E+3	-115.000E+0	-54.8134E-9
4.40882E-9	-207.215E-9	204.443E-9	3.31475E+0	46.2000E+3	4.80000E+3	-115.000E+0	-54.7132E-9	-222.888E-9	221.560E-9	3.31181E+0	47.0000E+3	5.10000E+3	-115.000E+0	-54.7132E-9
4.50902E-9	-205.670E-9	203.719E-9	3.31477E+0	45.1000E+3	5.40000E+3	-115.000E+0	-54.6130E-9	-221.977E-9	221.247E-9	3.31196E+0	43.8000E+3	5.20000E+3	-115.000E+0	-54.6130E-9
4.60922E-9	-204.854E-9	202.840E-9	3.31479E+0	46.8000E+3	4.20000E+3	-115.000E+0	-54.5128E-9	-221.302E-9	218.670E-9	3.31206E+0	55.6000E+3	4.00000E+3	-115.000E+0	-54.5128E-9
4.70942E-9	-204.119E-9	202.324E-9	3.31468E+0	48.6000E+3	6.00000E+3	-115.000E+0	-54.4126E-9	-221.240E-9	218.485E-9	3.31230E+0	53.8000E+3	5.60000E+3	-115.000E+0	-54.4126E-9
4.80962E-9	-203.568E-9	202.484E-9	3.31415E+0	45.4000E+3	4.90000E+3	-115.000E+0	-54.3124E-9	-220.988E-9	219.208E-9	3.31243E+0	50.8000E+3	4.80000E+3	-115.000E+0	-54.3124E-9
4.90982E-9	-202.484E-9	199.910E-9	3.31398E+0	47.9000E+3	4.10000E+3	-115.000E+0	-54.2122E-9	-219.391E-9	217.588E-9	3.31259E+0	48.3000E+3	4.00000E+3	-115.000E+0	-54.2122E-9
5.01002E-9	-202.461E-9	200.530E-9	3.31397E+0	48.5000E+3	4.60000E+3	-115.000E+0	-54.1120E-9	-218.286E-9	216.592E-9	3.31290E+0	46.2000E+3	5.10000E+3	-115.000E+0	-54.1120E-9
5.11022E-9	-202.143E-9	199.238E-9	3.31360E+0	47.7000E+3	4.30000E+3	-115.000E+0	-54.0118E-9	-217.880E-9	215.891E-9	3.31315E+0	50.7000E+3	5.10000E+3	-115.000E+0	-54.0118E-9
5.21042E-9	-202.581E-9	199.927E-9	3.31355E+0	47.6000E+3	3.80000E+3	-115.000E+0	-53.9116E-9	-217.460E-9	216.434E-9	3.31337E+0	47.1000E+3	6.60000E+3	-115.000E+0	-53.9116E-9
5.31062E-9	-203.489E-9	202.043E-9	3.31358E+0	45.9000E+3	4.60000E+3	-115.000E+0	-53.8114E-9	-217.178E-9	215.235E-9	3.31327E+0	55.5000E+3	3.30000E+3	-115.000E+0	-53.8114E-9
5.41082E-9	-202.984E-9	200.481E-9	3.31390E+0	47.1000E+3	4.70000E+3	-115.000E+0	-53.7112E-9	-216.793E-9	214.518E-9	3.31299E+0	48.8000E+3	3.40000E+3	-115.000E+0	-53.7112E-9
5.51102E-9	-202.844E-9	201.651E-9	3.31414E+0	45.8000E+3	3.20000E+3	-115.000E+0	-53.6110E-9	-216.974E-9	215.263E-9	3.31273E+0	51.7000E+3	4.70000E+3	-115.000E+0	-53.6110E-9
5.61122E-9	-202.730E-9	199.765E-9	3.31444E+0	50.4000E+3	4.70000E+3	-115.000E+0	-53.5108E-9	-216.627E-9	215.553E-9	3.31244E+0	46.5000E+3	5.20000E+3	-115.000E+0	-53.5108E-9
5.71142E-9	-202.959E-9	199.719E-9	3.31472E+0	46.8000E+3	3.70000E+3	-115.000E+0	-53.4106E-9	-216.356E-9	214.287E-9	3.31205E+0	47.0000E+3	4.40000E+3	-115.000E+0	-53.4106E-9
5.81162E-9	-202.848E-9	201.103E-9	3.31523E+0	48.8000E+3	4.60000E+3	-115.000E+0	-53.3104E-9	-216.067E-9	212.832E-9	3.31165E+0	45.6000E+3	5.40000E+3	-115.000E+0	-53.3104E-9
5.91182E-9	-202.397E-9	200.760E-9	3.31528E+0	46.8000E+3	4.00000E+3	-115.000E+0	-53.2102E-9	-215.210E-9	214.623E-9	3.31141E+0	50.3000E+3	6.20000E+3	-115.000E+0	-53.2102E-9
6.01202E-9	-201.921E-9	199.450E-9	3.31545E+0	45.3000E+3	5.50000E+3	-115.000E+0	-53.1100E-9	-214.224E-9	211.424E-9	3.31141E+0	51.3000E+3	4.80000E+3	-115.000E+0	-53.1100E-9
6.11222E-9	-201.569E-9	199.777E-9	3.31534E+0	43.8000E+3	4.20000E+3	-115.000E+0	-53.0098E-9	-213.739E-9	211.612E-9	3.31164E+0	47.7000E+3	3.40000E+3	-115.000E+0	-53.0098E-9
6.21242E-9	-200.782E-9	199.941E-9	3.31504E+0	43.4000E+3	4.90000E+3	-115.000E+0	-52.9096E-9	-213.603E-9	211.330E-9	3.31166E+0	50.7000E+3	3.70000E+3	-115.000E+0	-52.9096E-9
6.31263E-9	-200.487E-9	198.273E-9	3.31491E+0	45.1000E+3	4.10000E+3	-115.000E+0	-52.8094E-9	-213.349E-9	211.195E-9	3.31192E+0	50.8000E+3	5.60000E+3	-115.000E+0	-52.8094E-9
6.41283E-9	-199.813E-9	197.510E-9	3.31456E+0	46.4000E+3	4.90000E+3	-115.000E+0	-52.7092E-9	-212.888E-9	210.713E-9	3.31225E+0	50.5000E+3	3.50000E+3	-115.000E+0	-52.7092E-9
6.51303E-9	-198.521E-9	196.161E-9	3.31439E+0	47.8000E+3	4.10000E+3	-115.000E+0	-52.6090E-9	-212.036E-9	211.277E-9	3.31251E+0	53.0000E+3	4.00000E+3	-115.000E+0	-52.6090E-9
6.61323E-9	-198.076E-9	195.504E-9	3.31429E+0	43.9000E+3	4.50000E+3	-115.000E+0	-52.5088E-9	-204.089E-9	202.057E-9	3.31288E+0	48.4000E+3	3.00000E+3	-115.000E+0	-52.5088E-9
6.71343E-9	-197.989E-9	195.574E-9	3.31394E+0	47.5000E+3	3.70000E+3	-115.000E+0	-52.4086E-9	-203.241E-9	201.393E-9	3.31284E+0	50.9000E+3	4.70000E+3	-115.000E+0	-52.4086E-9
6.81363E-9	-197.975E-9	195.206E-9	3.31411E+0	47.8000E+3	5.00000E+3	-115.000E+0	-52.3084E-9	-202.826E-9	200.845E-9	3.31265E+0	45.7000E+3	4.20000E+3	-115.000E+0	-52.3084E-9
6.91383E-9	-197.660E-9	195.948E-9	3.31444E+0	45.0000E+3	4.70000E+3	-115.000E+0	-52.2082E-9	-202.993E-9	200.907E-9	3.31262E+0	46.5000E+3	4.40000E+3	-115.000E+0	-52.2082E-9
7.01403E-9	-197.118E-9	194.169E-9	3.31453E+0	42.3000E+3	5.00000E+3	-115.000E+0	-52.1080E-9	-201.948E-9	199.795E-9	3.31222E+0	49.8000E+3	4.50000E+3	-115.000E+0	-52.1080E-9
7.11423E-9	-196.551E-9	194.406E-9	3.31493E+0	48.4000E+3	5.40000E+3	-115.000E+0	-52.0078E-9	-201.417E-9	199.366E-9	3.31183E+0	46.3000E+3	4.60000E+3	-115.000E+0	-52.0078E-9
7.21443E-9	-196.353E-9	193.944E-9	3.31554E+0	46.0000E+3	4.60000E+3	-115.000E+0	-51.9076E-9	-200.937E-9	198.910E-9	3.31162E+0	52.6000E+3	4.30000E+3	-115.000E+0	-51.9076E-9
7.31463E-9	-196.056E-9	194.219E-9	3.31544E+0	46.1000E+3	4.40000E+3	-115.000E+0	-51.8074E-9	-200.734E-9	198.586E-9	3.31114E+0	47.5000E+3	3.10000E+3	-115.000E+0	-51.8074E-9
7.41483E-9	-195.520E-9	193.974E-9	3.31572E+0	42.8000E+3	4.70000E+3	-115.000E+0	-51.7072E-9	-200.494E-9	198.900E-9	3.31087E+0	48.3000E+3	3.70000E+3	-115.000E+0	-51.7072E-9
7.51503E-9	-195.224E-9	193.704E-9	3.31575E+0	43.6000E+3	4.30000E+3	-115.000E+0	-51.6070E-9	-199.853E-9	197.511E-9	3.31103E+0	51.5000E+3	3.20000E+3	-115.000E+0	-51.6070E-9
7.61523E-9	-194.770E-9	192.630E-9	3.31552E+0	47.5000E+3	3.90000E+3	-115.000E+0	-51.5068E-9	-199.917E-9	197.547E-9	3.31110E+0	50.5000E+3	4.70000E+3	-115.000E+0	-51.5068E-9
7.71543E-9	-194.535E-9	193.270E-9	3.31529E+0	42.7000E+3	4.80000E+3	-115.000E+0	-51.4066E-9	-199.134E-9	197.204E-9	3.31152E+0	46.7000E+3	3.00000E+3	-115.000E+0	-51.4066E-9
7.81563E-9	-193.813E-9	190.794E-9	3.31509E+0	47.7000E+3	3.90000E+3	-115.000E+0	-51.3064E-9	-199.536E-9	197.208E-9	3.31194E+0	44.0000E+3	4.10000E+3	-115.000E+0	-51.3064E-9
7.91583E-9	-193.706E-9	191.589E-9	3.31470E+0	43.9000E+3	4.80000E+3	-115.000E+0	-51.2062E-9	-199.003E-9	197.044E-9	3.31229E+0	44.9000E+3	4.90000E+3	-115.000E+0	-51.2062E-9
8.01603E-9	-193.159E-9	190.182E-9	3.31452E+0	48.8000E+3	3.90000E+3	-115.000E+0	-51.1060E-9	-197.518E-9	195.196E-9	3.31280E+0	48.0000E+3	4.80000E+3	-115.000E+0	-51.1060E-9
8.11623E-9	-192.915E-9	190.612E-9	3.31465E+0	43.9000E+3	2.90000E+3	-115.000E+0	-51.0058E-9	-197.412E-9	195.329E-9	3.31341E+0	47.8000E+3	3.80000E+3	-115.000E+0	-51.0058E-9
8.21643E-9	-192.233E-9	190.510E-9	3.31418E+0	47.7000E+3	4.00000E+3	-115.000E+0	-50.9056E-9	-196.465E-9	194.105E-9	3.31355E+0	44.7000E+3	3.80000E+3	-115.000E+0	-50.9056E-9
8.31663E-9	-191.799E-9	189.314E-9	3.31468E+0	45.8000E+3	4.90000E+3	-115.000E+0	-50.8054E-9	-196.218E-9	193.678E-9	3.31336E+0	48.2000E+3	4.80000E+3	-115.000E+0	-50.8054E-9
8.41683E-9	-191.301E-9	190.697E-9	3.31494E+0	45.4000E+3	4.80000E+3	-115.000E+0	-50.7052E-9	-195.950E-9	193.186E-9	3.31321E+0	47.6000E+3	5.00000E+3	-115.000E+0	-50.7052E-9
8.51703E-9	-190.489E-9	188.695E-9	3.31488E+0	44.7000E+3	3.80000E+3	-115.000E+0	-50.6049E-9	-195.825E-9	194.639E-9	3.31311E+0	46.8000E+3	4.40000E+3	-115.000E+0	-50.6049E-9
8.61723E-9	-189.877E-9	188.752E-9	3.31525E+0	46.0000E+3	5.10000E+3	-115.000E+0	-50.5047E-9	-196.326E-9	194.288E-9	3.31286E+0	49.5000E+3	3.40000E+3	-115.000E+0	-50.5047E-9
8.71743E-9	-189.821E-9	187.631E-9	3.31535E+0	39.7000E+3	4.50000E+3	-115.000E+0	-50.4045E-9	-196.445E-9	194.148E-9	3.31270E+0	47.0000E+3	5.10000E+3	-115.000E+0	-50.4045E-9
8.81764E-9	-189.195E-9	187.050E-9	3.31533E+0	49.3000E+3	3.70000E+3	-115.000E+0	-50.3043E-9	-195.509E-9	193.080E-9	3.31229E+0	46.5000E+3	5.90000E+3	-115.000E+0	-50.3043E-9
8.91784E-9	-189.409E-9	187.290E-9	3.31524E+0	49.7000E+3	4.50000E+3	-115.000E+0	-50.2041E-9	-195.171E-9	193.119E-9	3.31229E+0	47.5000E+3	4.10000E+3	-115.000E+0	-50.2041E-9
9.01804E-9	-188.613E-9	186.819E-9	3.31501E+0	43.6000E+3	3.80000E+3	-115.000E+0	-50.1039E-9	-194.987E-9	191.661E-9	3.31257E+0	46.1000E+3	2.90000E+3	-115.000E+0	-50.1039E-9
9.11824E-9	-187.567E-9	185.258E-9	3.31469E+0	44.6000E+3	3.30000E+3	-115.000E+0	-50.0037E-9	-193.939E-9	191.874E-9	3.31260E+0	46.8000E+3	3.30000E+3	-115.000E+0	-50.0037E-9
9.21844E-9	-187.258E-9	186.339E-9	3.31456E+0	46.9000E+3	4.30000E+3	-115.000E+0	-49.9035E-9	-194.095E-9	192.449E-9	3.31299E+0	44.0000E+3	5.10000E+3	-115.000E+0	-49.9035E-9
9.31864E-9	-186.551E-9	184.510E-9	3.31413E+0	46.1000E+3	3.90000E+3	-115.000E+0	-49.8033E-9	-194.355E-9	191.990E-9	3.31332E+0	45.5000E+3	4.10000E+3	-115.000E+0	-49.8033E-9
9.41884E-9	-186.040E-9	182.701E-9	3.31395E+0	43.8000E+3	4.40000E+3	-115.000E+0	-49.7031E-9	-193.219E-9	191.708E-9	3.31370E+0	46.1000E+3	3.60000E+3	-115.000E+0	-49.7031E-9
9.51904E-9	-186.152E-9	184.310E-9	3.31376E+0	45.0000E+3	3.70000E+3	-115.000E+0	-49.6029E-9	-192.686E-9	190.671E-9	3.31364E+0	42.6000E+3	3.60000E+3	-115.000E+0	-49.6029E-9
9.61924E-9	-185.563E-9	182.731E-9	3.31367E+0	47.4000E+3	4.50000E+3	-115.000E+0	-49.5027E-9	-192.086E-9	190.186E-9	3.31375E+0	44.3000E+3	3.30000E+3	-115.000E+0	-49.5027E-9
9.71944E-9	-185.555E-9	182.732E-9	3.31360E+0	46.0000E+3	3.90000E+3	-115.000E+0	-49.4025E-9	-191.918E-9	188.956E-9	3.31376E+0	47.6000E+3	3.60000E+3	-115.000E+0	-49.4025E-9
9.81964E-9	-184.872E-9	182.282E-9	3.31391E+0	44.2000E+3	3.60000E+3	-115.000E+0	-49.3023E-9	-192.578E-9	190.483E-9	3.31330E+0	46.5000E+3	2.60000E+3	-115.000E+0	-49.3023E-9
9.91984E-9	-184.795E-9	183.602E-9	3.31423E+0	47.7000E+3	3.10000E+3	-115.000E+0	-49.2021E-9	-190.403E-9	188.929E-9	3.31322E+0	48.0000E+3	4.30000E+3	-115.000E+0	-49.2021E-9
10.0200E-9	-184.506E-9	182.277E-9	3.31461E+0	43.1000E+3	4.10000E+3	-115.000E+0	-49.1019E-9	-189.825E-9	188.159E-9	3.31305E+0	43.3000E+3	4.20000E+3	-115.000E+0	-49.1019E-9
10.1202E-9	-184.118E-9	181.523E-9	3.31470E+0	42.1000E+3	6.00000E+3	-115.000E+0	-49.0017E-9	-189.575E-9	188.193E-9	3.31253E+0	47.1000E+3	4.10000E+3	-115.000E+0	-49.0017E-9
10.2204E-9	-183.439E-9	181.237E-9	3.31482E+0	46.8000E+3	4.80000E+3	-115.000E+0	-48.9015E-9	-188.616E-9	186.582E-9	3.31213E+0	45.6000E+3	3.70000E+3	-115.000E+0	-48.9015E-9
10.3206E-9	-182.907E-9	181.516E-9	3.31507E+0	44.5000E+3	5.10000E+3	-115.000E+0	-48.8013E-9	-188.749E-9	188.576E-9	3.31210E+0	46.5000E+3	5.10000E+3	-115.000E+0	-48.8013E-9
10.4208E-9	-182.723E-9	180.474E-9	3.31488E+0	41.9000E+3	5.00000E+3	-115.000E+0	-48.7011E-9	-187.716E-9	184.828E-9	3.31199E+0	46.3000E+3	4.10000E+3	-115.000E+0	-48.7011E-9
10.5210E-9	-182.419E-9	180.417E-9	3.31470E+0	42.2000E+3	4.80000E+3	-115.000E+0	-48.6009E-9	-187.641E-9	185.776E-9	3.31218E+0	45.0000E+3	5.10000E+3	-115.000E+0	-48.6009E-9
10.6212E-9	-182.154E-9	180.832E-9	3.31449E+0	45.9000E+3	3.50000E+3	-115.000E+0	-48.5007E-9	-187.161E-9	185.345E-9	3.31244E+0	47.8000E+3	4.80000E+3	-115.000E+0	-48.5007E-9
10.7214E-9	-182.234E-9	179.687E-9	3.31404E+0	43.1000E+3	4.20000E+3	-115.000E+0	-48.4005E-9	-186.649E-9	185.270E-9	3.31275E+0	46.5000E+3	2.80000E+3	-115.000E+0	-48.4005E-9
10.8216E-9	-181.442E-9	179.115E-9	3.31391E+0	42.7000E+3	5.90000E+3	-115.000E+0	-48.3003E-9	-186.618E-9	184.473E-9	3.31290E+0	41.1000E+3	3.50000E+3	-115.000E+0	-48.3003E-9
10.9218E-9	-181.931E-9	179.442E-9	3.31368E+0	45.7000E+3	5.50000E+3	-115.000E+0	-48.2001E-9	-185.944E-9	184.424E-9	3.31343E+0	44.0000E+3	3.80000E+3	-115.000E+0	-48.2001E-9
11.0220E-9	-181.621E-9	178.831E-9	3.31349E+0	43.1000E+3	4.80000E+3	-115.000E+0	-48.0999E-9	-185.646E-9	183.802E-9	3.31349E+0	47.8000E+3	4.10000E+3	-115.000E+0	-48.0999E-9
11.1222E-9	-181.111E-9	179.679E-9	3.31334E+0	44.4000E+3	4.20000E+3	-115.000E+0	-47.9997E-9	-185.163E-9	183.642E-9	3.31349E+0	47.8000E+3	4.50000E+3	-115.000E+0	-47.9997E-9
11.2224E-9	-180.517E-9	177.672E-9	3.31366E+0	48.6000E+3	3.80000E+3	-115.000E+0	-47.8995E-9	-184.763E-9	183.217E-9	3.31335E+0	46.3000E+3	4.20000E+3	-115.000E+0	-47.8995E-9
11.3226E-9	-180.443E-9	179.365E-9	3.31388E+0	41.6000E+3	5.50000E+3	-115.000E+0	-47.7993E-9	-185.197E-9	183.211E-9	3.31322E+0	44.0000E+3	3.00000E+3	-115.000E+0	-47.7993E-9
11.4228E-9	-180.299E-9	178.027E-9	3.31445E+0	42.4000E+3	3.90000E+3	-115.000E+0	-47.6991E-9	-184.732E-9	183.013E-9	3.31297E+0	41.9000E+3	3.30000E+3	-115.000E+0	-47.6991E-9
11.5230E-9	-179.108E-9	177.705E-9	3.31482E+0	43.4000E+3	4.40000E+3	-115.000E+0	-47.5989E-9	-184.416E-9	183.360E-9	3.31253E+0	40.5000E+3	4.30000E+3	-115.000E+0	-47.5989E-9
11.6232E-9	-178.899E-9	177.717E-9	3.31495E+0	46.1000E+3	2.50000E+3	-115.000E+0	-47.4987E-9	-184.054E-9	182.798E-9	3.31212E+0	44.0000E+3	4.00000E+3	-115.000E+0	-47.4987E-9
11.7234E-9	-178.183E-9	176.110E-9	3.31512E+0	40.5000E+3	4.50000E+3	-115.000E+0	-47.3985E-9	-183.708E-9	181.755E-9	3.31206E+0	49.2000E+3	2.80000E+3	-115.000E+0	-47.3985E-9
11.8236E-9	-178.290E-9	176.171E-9	3.31533E+0	45.3000E+3	3.90000E+3	-115.000E+0	-47.2983E-9	-183.058E-9	181.449E-9	3.31188E+0	48.3000E+3	4.20000E+3	-115.000E+0	-47.2983E-9
11.9238E-9	-177.972E-9	175.530E-9	3.31517E+0	46.2000E+3	5.10000E+3	-115.000E+0	-47.1981E-9	-182.620E-9	179.409E-9	3.31174E+0	49.2000E+3	4.60000E+3	-115.000E+0	-47.1981E-9
12.0240E-9	-177.562E-9	174.899E-9	3.31504E+0	46.8000E+3	3.40000E+3	-115.000E+0	-47.0979E-9	-181.945E-9	180.240E-9	3.31197E+0	42.2000E+3	3.50000E+3	-115.000E+0	-47.0979E-9
12.1242E-9	-176.990E-9	175.629E-9	3.31485E+0	46.0000E+3	3.40000E+3	-115.000E+0	-46.9977E-9	-181.784E-9	179.752E-9	3.31231E+0	45.3000E+3	3.30000E+3	-115.000E+0	-46.9977E-9
12.2244E-9	-177.378E-9	174.384E-9	3.31460E+0	41.8000E+3	3.10000E+3	-115.000E+0	-46.8975E-9	-181.460E-9	178.083E-9	3.31259E+0	42.9000E+3	4.80000E+3	-115.000E+0	-46.8975E-9
12.3246E-9	-177.237E-9	174.592E-9	3.31423E+0	47.0000E+3	3.60000E+3	-115.000E+0	-46.7973E-9	-180.168E-9	178.398E-9	3.31293E+0	48.6000E+3	4.10000E+3	-115.000E+0	-46.7973E-9
12.4248E-9	-176.879E-9	174.567E-9	3.31439E+0	44.9000E+3	3.80000E+3	-115.000E+0	-46.6971E-9	-179.210E-9	177.090E-9	3.31335E+0	45.2000E+3	4.10000E+3	-115.000E+0	-46.6971E-9
12.5251E-9	-176.327E-9	174.321E-9	3.31398E+0	43.2000E+3	4.20000E+3	-115.000E+0	-46.5969E-9	-178.000E-9	174.875E-9	3.31352E+0	43.0000E+3	3.90000E+3	-115.000E+0	-46.5969E-9
12.6253E-9	-175.901E-9	173.979E-9	3.31411E+0	43.6000E+3	3.60000E+3	-115.000E+0	-46.4967E-9	-177.788E-9	175.991E-9	3.31331E+0	44.3000E+3	5.20000E+3	-115.000E+0	-46.4967E-9
12.7255E-9	-175.599E-9	171.995E-9	3.31428E+0	43.3000E+3	4.20000E+3	-115.000E+0	-46.3965E-9	-177.573E-9	175.678E-9	3.31328E+0	45.6000E+3	5.50000E+3	-115.000E+0	-46.3965E-9
12.8257E-9	-178.904E-9	176.918E-9	3.31460E+0	45.2000E+3	4.60000E+3	-115.000E+0	-46.2963E-9	-177.043E-9	175.560E-9	3.31311E+0	43.7000E+3	4.00000E+3	-115.000E+0	-46.2963E-9
12.9259E-9	-182.412E-9	180.128E-9	3.31465E+0	45.4000E+3	3.70000E+3	-115.000E+0	-46.1961E-9	-176.866E-9	174.150E-9	3.31296E+0	43.9000E+3	3.50000E+3	-115.000E+0	-46.1961E-9
13.0261E-9	-181.791E-9	179.927E-9	3.31497E+0	42.3000E+3	4.90000E+3	-115.000E+0	-46.0959E-9	-176.658E-9	174.145E-9	3.31251E+0	47.3000E+3	4.50000E+3	-115.000E+0	-46.0959E-9
13.1263E-9	-181.094E-9	179.100E-9	3.31514E+0	44.2000E+3	4.40000E+3	-115.000E+0	-45.9957E-9	-176.248E-9	174.077E-9	3.31222E+0	43.1000E+3	3.10000E+3	-115.000E+0	-45.9957E-9
13.2265E-9	-180.978E-9	178.390E-9	3.31503E+0	44.6000E+3	3.90000E+3	-115.000E+0	-45.8955E-9	-175.935E-9	173.797E-9	3.31198E+0	41.1000E+3	2.80000E+3	-115.000E+0	-45.8955E-9
13.3267E-9	-179.611E-9	178.110E-9	3.31477E+0	47.8000E+3	4.00000E+3	-115.000E+0	-45.7953E-9	-175.700E-9	173.694E-9	3.31201E+0	45.5000E+3	4.30000E+3	-115.000E+0	-45.7953E-9
13.4269E-9	-179.276E-9	177.404E-9	3.31456E+0	42.1000E+3	4.70000E+3	-115.000E+0	-45.6951E-9	-176.427E-9	174.572E-9	3.31240E+0	43.8000E+3	4.40000E+3	-115.000E+0	-45.6951E-9
13.5271E-9	-179.082E-9	177.505E-9	3.31425E+0	43.3000E+3	4.30000E+3	-115.000E+0	-45.5949E-9	-174.704E-9	171.956E-9	3.31255E+0	47.8000E+3	5.40000E+3	-115.000E+0	-45.5949E-9
13.6273E-9	-178.104E-9	174.913E-9	3.31375E+0	43.9000E+3	4.50000E+3	-115.000E+0	-45.4947E-9	-173.520E-9	172.035E-9	3.31277E+0	43.7000E+3	5.10000E+3	-115.000E+0	-45.4947E-9
13.7275E-9	-177.442E-9	174.524E-9	3.31360E+0	45.1000E+3	4.70000E+3	-115.000E+0	-45.3945E-9	-173.413E-9	170.819E-9	3.31322E+0	46.6000E+3	4.50000E+3	-115.000E+0	-45.3945E-9
13.8277E-9	-184.181E-9	181.588E-9	3.31316E+0	45.9000E+3	4.30000E+3	-115.000E+0	-45.2943E-9	-172.860E-9	170.042E-9	3.31364E+0	43.8000E+3	3.00000E+3	-115.000E+0	-45.2943E-9
13.9279E-9	-184.854E-9	183.288E-9	3.31317E+0	47.3000E+3	3.70000E+3	-115.000E+0	-45.1941E-9	-173.369E-9	171.543E-9	3.31357E+0	43.2000E+3	4.50000E+3	-115.000E+0	-45.1941E-9
14.0281E-9	-184.567E-9	182.687E-9	3.31317E+0	48.8000E+3	4.70000E+3	-115.000E+0	-45.0939E-9	-173.496E-9	172.164E-9	3.31384E+0	45.9000E+3	3.60000E+3	-115.000E+0	-45.0939E-9
14.1283E-9	-183.466E-9	182.134E-9	3.31322E+0	46.5000E+3	3.10000E+3	-115.000E+0	-44.9937E-9	-172.699E-9	169.717E-9	3.31369E+0	47.4000E+3	3.20000E+3	-115.000E+0	-44.9937E-9
14.2285E-9	-182.951E-9	180.957E-9	3.31364E+0	48.9000E+3	4.90000E+3	-115.000E+0	-44.8935E-9	-172.957E-9	171.085E-9	3.31340E+0	44.7000E+3	4.80000E+3	-115.000E+0	-44.8935E-9
14.3287E-9	-182.653E-9	180.167E-9	3.31409E+0	46.2000E+3	4.90000E+3	-115.000E+0	-44.7933E-9	-172.979E-9	169.633E-9	3.31323E+0	40.6000E+3	4.30000E+3	-115.000E+0	-44.7933E-9
14.4289E-9	-182.410E-9	181.323E-9	3.31421E+0	45.9000E+3	5.10000E+3	-115.000E+0	-44.6931E-9	-172.527E-9	170.659E-9	3.31284E+0	44.4000E+3	4.60000E+3	-115.000E+0	-44.6931E-9
14.5291E-9	-182.991E-9	180.343E-9	3.31442E+0	44.3000E+3	3.90000E+3	-115.000E+0	-44.5929E-9	-173.759E-9	171.175E-9	3.31239E+0	41.7000E+3	4.60000E+3	-115.000E+0	-44.5929E-9
14.6293E-9	-182.157E-9	179.974E-9	3.31466E+0	42.8000E+3	4.00000E+3	-115.000E+0	-44.4927E-9	-173.308E-9	172.948E-9	3.31235E+0	45.1000E+3	3.80000E+3	-115.000E+0	-44.4927E-9
14.7295E-9	-181.307E-9	179.322E-9	3.31460E+0	47.8000E+3	4.70000E+3	-115.000E+0	-44.3925E-9	-173.217E-9	171.163E-9	3.31225E+0	42.5000E+3	3.30000E+3	-115.000E+0	-44.3925E-9
14.8297E-9	-181.678E-9	178.859E-9	3.31451E+0	48.4000E+3	3.80000E+3	-115.000E+0	-44.2923E-9	-172.366E-9	170.288E-9	3.31240E+0	46.6000E+3	3.00000E+3	-115.000E+0	-44.2923E-9
14.9299E-9	-181.222E-9	179.472E-9	3.31429E+0	45.2000E+3	4.70000E+3	-115.000E+0	-44.1921E-9	-171.816E-9	169.034E-9	3.31267E+0	47.0000E+3	4.30000E+3	-115.000E+0	-44.1921E-9
15.0301E-9	-180.812E-9	177.961E-9	3.31377E+0	51.2000E+3	4.80000E+3	-115.000E+0	-44.0919E-9	-172.534E-9	170.018E-9	3.31290E+0	43.9000E+3	3.50000E+3	-115.000E+0	-44.0919E-9
15.1303E-9	-180.143E-9	178.701E-9	3.31376E+0	40.9000E+3	3.00000E+3	-115.000E+0	-43.9917E-9	-171.926E-9	169.570E-9	3.31319E+0	43.7000E+3	3.50000E+3	-115.000E+0	-43.9917E-9
15.2305E-9	-179.848E-9	177.155E-9	3.31336E+0	44.9000E+3	4.40000E+3	-115.000E+0	-43.8915E-9	-170.551E-9	169.083E-9	3.31359E+0	46.7000E+3	4.90000E+3	-115.000E+0	-43.8915E-9
15.3307E-9	-180.073E-9	177.704E-9	3.31300E+0	47.2000E+3	5.30000E+3	-115.000E+0	-43.7913E-9	-170.461E-9	167.400E-9	3.31367E+0	41.2000E+3	3.50000E+3	-115.000E+0	-43.7913E-9
15.4309E-9	-179.458E-9	177.591E-9	3.31297E+0	46.5000E+3	3.20000E+3	-115.000E+0	-43.6911E-9	-170.298E-9	167.803E-9	3.31397E+0	45.3000E+3	4.60000E+3	-115.000E+0	-43.6911E-9
15.5311E-9	-178.463E-9	177.784E-9	3.31310E+0	42.9000E+3	4.10000E+3	-115.000E+0	-43.5909E-9	-170.064E-9	168.377E-9	3.31399E+0	43.9000E+3	3.80000E+3	-115.000E+0	-43.5909E-9
15.6313E-9	-178.492E-9	176.161E-9	3.31334E+0	45.0000E+3	2.70000E+3	-115.000E+0	-43.4907E-9	-169.752E-9	167.886E-9	3.31392E+0	40.6000E+3	4.10000E+3	-115.000E+0	-43.4907E-9
15.7315E-9	-178.650E-9	177.108E-9	3.31347E+0	47.6000E+3	5.00000E+3	-115.000E+0	-43.3905E-9	-169.239E-9	167.378E-9	3.31369E+0	41.9000E+3	4.20000E+3	-115.000E+0	-43.3905E-9
15.8317E-9	-178.496E-9	176.559E-9	3.31399E+0	47.0000E+3	3.10000E+3	-115.000E+0	-43.2903E-9	-169.006E-9	166.813E-9	3.31314E+0	41.8000E+3	4.80000E+3	-115.000E+0	-43.2903E-9
15.9319E-9	-177.932E-9	176.421E-9	3.31411E+0	46.8000E+3	3.60000E+3	-115.000E+0	-43.1901E-9	-168.758E-9	166.866E-9	3.31292E+0	39.8000E+3	3.60000E+3	-115.000E+0	-43.1901E-9
16.0321E-9	-176.880E-9	174.813E-9	3.31447E+0	43.0000E+3	4.50000E+3	-115.000E+0	-43.0899E-9	-168.083E-9	165.422E-9	3.31264E+0	44.2000E+3	3.10000E+3	-115.000E+0	-43.0899E-9
16.1323E-9	-176.527E-9	174.258E-9	3.31470E+0	46.4000E+3	3.30000E+3	-115.000E+0	-42.9897E-9	-167.519E-9	166.266E-9	3.31236E+0	43.6000E+3	4.10000E+3	-115.000E+0	-42.9897E-9
16.2325E-9	-176.297E-9	174.255E-9	3.31483E+0	42.3000E+3	3.70000E+3	-115.000E+0	-42.8895E-9	-167.451E-9	165.266E-9	3.31213E+0	42.1000E+3	4.10000E+3	-115.000E+0	-42.8895E-9
16.3327E-9	-176.373E-9	173.983E-9	3.31475E+0	43.0000E+3	4.50000E+3	-115.000E+0	-42.7893E-9	-167.849E-9	165.847E-9	3.31246E+0	39.5000E+3	4.30000E+3	-115.000E+0	-42.7893E-9
16.4329E-9	-175.676E-9	174.422E-9	3.31462E+0	45.9000E+3	4.00000E+3	-115.000E+0	-42.6891E-9	-167.302E-9	165.252E-9	3.31245E+0	44.4000E+3	4.80000E+3	-115.000E+0	-42.6891E-9
16.5331E-9	-176.021E-9	174.191E-9	3.31445E+0	44.1000E+3	4.90000E+3	-115.000E+0	-42.5889E-9	-166.748E-9	163.651E-9	3.31272E+0	45.4000E+3	3.40000E+3	-115.000E+0	-42.5889E-9
16.6333E-9	-176.068E-9	173.890E-9	3.31412E+0	42.6000E+3	4.20000E+3	-115.000E+0	-42.4887E-9	-166.419E-9	164.518E-9	3.31326E+0	46.0000E+3	4.20000E+3	-115.000E+0	-42.4887E-9
16.7335E-9	-175.612E-9	173.663E-9	3.31396E+0	47.7000E+3	5.40000E+3	-115.000E+0	-42.3885E-9	-166.158E-9	164.263E-9	3.31345E+0	46.0000E+3	2.30000E+3	-115.000E+0	-42.3885E-9
16.8337E-9	-175.170E-9	171.820E-9	3.31399E+0	46.2000E+3	4.80000E+3	-115.000E+0	-42.2883E-9	-165.421E-9	162.824E-9	3.31372E+0	41.5000E+3	2.70000E+3	-115.000E+0	-42.2883E-9
16.9339E-9	-174.392E-9	171.983E-9	3.31378E+0	44.4000E+3	4.30000E+3	-115.000E+0	-42.1881E-9	-165.308E-9	163.207E-9	3.31405E+0	41.1000E+3	3.90000E+3	-115.000E+0	-42.1881E-9
17.0341E-9	-173.822E-9	171.081E-9	3.31390E+0	45.6000E+3	4.00000E+3	-115.000E+0	-42.0879E-9	-165.308E-9	162.909E-9	3.31383E+0	42.8000E+3	3.80000E+3	-115.000E+0	-42.0879E-9
17.1343E-9	-173.591E-9	171.534E-9	3.31429E+0	39.6000E+3	2.90000E+3	-115.000E+0	-41.9877E-9	-164.358E-9	162.123E-9	3.31379E+0	45.3000E+3	3.50000E+3	-115.000E+0	-41.9877E-9
17.2345E-9	-173.418E-9	171.095E-9	3.31448E+0	45.4000E+3	3.20000E+3	-115.000E+0	-41.8875E-9	-164.175E-9	161.303E-9	3.31344E+0	46.5000E+3	3.90000E+3	-115.000E+0	-41.8875E-9
17.3347E-9	-172.869E-9	171.913E-9	3.31472E+0	42.5000E+3	4.60000E+3	-115.000E+0	-41.7873E-9	-164.055E-9	162.090E-9	3.31296E+0	44.3000E+3	3.30000E+3	-115.000E+0	-41.7873E-9
17.4349E-9	-172.694E-9	170.763E-9	3.31527E+0	43.1000E+3	5.50000E+3	-115.000E+0	-41.6871E-9	-164.132E-9	162.804E-9	3.31276E+0	44.1000E+3	4.10000E+3	-115.000E+0	-41.6871E-9
17.5351E-9	-172.502E-9	170.633E-9	3.31538E+0	40.9000E+3	3.10000E+3	-115.000E+0	-41.5869E-9	-163.705E-9	160.705E-9	3.31228E+0	42.1000E+3	3.00000E+3	-115.000E+0	-41.5869E-9
17.6353E-9	-171.813E-9	170.214E-9	3.31564E+0	40.4000E+3	3.60000E+3	-115.000E+0	-41.4867E-9	-163.426E-9	162.293E-9	3.31193E+0	43.7000E+3	4.90000E+3	-115.000E+0	-41.4867E-9
17.7355E-9	-171.494E-9	169.356E-9	3.31547E+0	43.7000E+3	4.60000E+3	-115.000E+0	-41.3865E-9	-163.191E-9	160.555E-9	3.31211E+0	45.1000E+3	4.20000E+3	-115.000E+0	-41.3865E-9
17.8357E-9	-171.336E-9	168.101E-9	3.31527E+0	43.4000E+3	3.40000E+3	-115.000E+0	-41.2863E-9	-162.466E-9	161.026E-9	3.31210E+0	41.3000E+3	3.40000E+3	-115.000E+0	-41.2863E-9
17.9359E-9	-170.705E-9	167.507E-9	3.31477E+0	44.7000E+3	5.00000E+3	-115.000E+0	-41.1861E-9	-162.000E-9	159.492E-9	3.31230E+0	45.1000E+3	4.20000E+3	-115.000E+0	-41.1861E-9
18.0361E-9	-170.526E-9	168.501E-9	3.31459E+0	43.1000E+3	4.20000E+3	-115.000E+0	-41.0859E-9	-161.638E-9	159.216E-9	3.31268E+0	44.3000E+3	3.80000E+3	-115.000E+0	-41.0859E-9
18.1363E-9	-169.944E-9	168.423E-9	3.31407E+0	43.7000E+3	4.70000E+3	-115.000E+0	-40.9857E-9	-161.796E-9	159.768E-9	3.31284E+0	40.7000E+3	4.40000E+3	-115.000E+0	-40.9857E-9
18.2365E-9	-169.649E-9	167.050E-9	3.31393E+0	45.0000E+3	3.60000E+3	-115.000E+0	-40.8855E-9	-161.185E-9	159.345E-9	3.31319E+0	40.9000E+3	3.50000E+3	-115.000E+0	-40.8855E-9
18.3367E-9	-169.216E-9	166.801E-9	3.31397E+0	45.4000E+3	4.50000E+3	-115.000E+0	-40.7853E-9	-160.607E-9	158.528E-9	3.31357E+0	44.2000E+3	4.00000E+3	-115.000E+0	-40.7853E-9
18.4369E-9	-169.178E-9	167.177E-9	3.31369E+0	41.1000E+3	3.00000E+3	-115.000E+0	-40.6851E-9	-160.580E-9	158.712E-9	3.31367E+0	43.8000E+3	3.80000E+3	-115.000E+0	-40.6851E-9
18.5371E-9	-168.842E-9	166.233E-9	3.31420E+0	42.6000E+3	4.10000E+3	-115.000E+0	-40.5849E-9	-160.322E-9	158.292E-9	3.31358E+0	42.5000E+3	3.30000E+3	-115.000E+0	-40.5849E-9
18.6373E-9	-168.612E-9	167.372E-9	3.31439E+0	47.8000E+3	4.50000E+3	-115.000E+0	-40.4847E-9	-160.082E-9	157.790E-9	3.31356E+0	42.6000E+3	3.70000E+3	-115.000E+0	-40.4847E-9
18.7375E-9	-167.880E-9	165.103E-9	3.31462E+0	41.3000E+3	3.60000E+3	-115.000E+0	-40.3845E-9	-160.154E-9	157.501E-9	3.31309E+0	39.2000E+3	4.50000E+3	-115.000E+0	-40.3845E-9
18.8377E-9	-167.478E-9	166.127E-9	3.31508E+0	42.4000E+3	3.60000E+3	-115.000E+0	-40.2843E-9	-159.089E-9	157.869E-9	3.31303E+0	44.2000E+3	3.70000E+3	-115.000E+0	-40.2843E-9
18.9379E-9	-167.160E-9	164.154E-9	3.31513E+0	46.7000E+3	3.40000E+3	-115.000E+0	-40.1841E-9	-158.479E-9	156.107E-9	3.31294E+0	42.1000E+3	4.70000E+3	-115.000E+0	-40.1841E-9
19.0381E-9	-167.231E-9	165.169E-9	3.31515E+0	43.4000E+3	3.30000E+3	-115.000E+0	-40.0839E-9	-158.451E-9	156.928E-9	3.31258E+0	41.0000E+3	4.10000E+3	-115.000E+0	-40.0839E-9
19.1383E-9	-167.045E-9	165.266E-9	3.31524E+0	48.7000E+3	3.00000E+3	-115.000E+0	-39.9837E-9	-157.836E-9	155.611E-9	3.31258E+0	42.9000E+3	4.10000E+3	-115.000E+0	-39.9837E-9
19.2385E-9	-166.485E-9	163.174E-9	3.31484E+0	39.9000E+3	3.50000E+3	-115.000E+0	-39.8835E-9	-158.058E-9	154.872E-9	3.31294E+0	43.4000E+3	3.90000E+3	-115.000E+0	-39.8835E-9
19.3387E-9	-166.408E-9	164.512E-9	3.31447E+0	44.9000E+3	4.40000E+3	-115.000E+0	-39.7833E-9	-157.942E-9	156.541E-9	3.31313E+0	43.4000E+3	3.70000E+3	-115.000E+0	-39.7833E-9
19.4389E-9	-166.344E-9	163.404E-9	3.31432E+0	45.1000E+3	3.40000E+3	-115.000E+0	-39.6831E-9	-157.056E-9	154.594E-9	3.31340E+0	42.1000E+3	5.00000E+3	-115.000E+0	-39.6831E-9
19.5391E-9	-165.794E-9	162.919E-9	3.31404E+0	41.0000E+3	3.90000E+3	-115.000E+0	-39.5829E-9	-156.737E-9	154.940E-9	3.31376E+0	39.8000E+3	3.00000E+3	-115.000E+0	-39.5829E-9
19.6393E-9	-165.353E-9	163.142E-9	3.31373E+0	44.0000E+3	3.30000E+3	-115.000E+0	-39.4827E-9	-156.344E-9	153.979E-9	3.31429E+0	42.8000E+3	3.10000E+3	-115.000E+0	-39.4827E-9
19.7395E-9	-165.010E-9	162.853E-9	3.31344E+0	43.2000E+3	2.30000E+3	-115.000E+0	-39.3825E-9	-156.351E-9	155.052E-9	3.31449E+0	41.1000E+3	3.20000E+3	-115.000E+0	-39.3825E-9
19.8397E-9	-164.441E-9	162.945E-9	3.31317E+0	46.8000E+3	3.10000E+3	-115.000E+0	-39.2823E-9	-156.310E-9	154.362E-9	3.31466E+0	40.1000E+3	3.30000E+3	-115.000E+0	-39.2823E-9
19.9399E-9	-164.041E-9	161.715E-9	3.31360E+0	43.5000E+3	4.30000E+3	-115.000E+0	-39.1821E-9	-155.250E-9	153.074E-9	3.31452E+0	42.1000E+3	4.00000E+3	-115.000E+0	-39.1821E-9
20.0401E-9	-163.461E-9	161.168E-9	3.31364E+0	43.6000E+3	3.80000E+3	-115.000E+0	-39.0819E-9	-154.921E-9	153.285E-9	3.31451E+0	43.1000E+3	3.50000E+3	-115.000E+0	-39.0819E-9
20.1403E-9	-163.401E-9	161.784E-9	3.31385E+0	43.1000E+3	4.30000E+3	-115.000E+0	-38.9817E-9	-154.461E-9	151.858E-9	3.31403E+0	44.0000E+3	3.60000E+3	-115.000E+0	-38.9817E-9
20.2405E-9	-163.167E-9	160.670E-9	3.31410E+0	39.7000E+3	4.50000E+3	-115.000E+0	-38.8815E-9	-153.390E-9	150.705E-9	3.31385E+0	41.5000E+3	3.70000E+3	-115.000E+0	-38.8815E-9
20.3407E-9	-162.871E-9	161.288E-9	3.31430E+0	43.7000E+3	3.10000E+3	-115.000E+0	-38.7813E-9	-153.704E-9	152.706E-9	3.31344E+0	40.7000E+3	4.20000E+3	-115.000E+0	-38.7813E-9
20.4409E-9	-162.395E-9	160.908E-9	3.31443E+0	42.4000E+3	3.50000E+3	-115.000E+0	-38.6811E-9	-153.265E-9	151.601E-9	3.31317E+0	43.3000E+3	3.20000E+3	-115.000E+0	-38.6811E-9
20.5411E-9	-162.162E-9	160.068E-9	3.31453E+0	41.3000E+3	3.90000E+3	-115.000E+0	-38.5809E-9	-153.479E-9	151.653E-9	3.31308E+0	41.5000E+3	4.70000E+3	-115.000E+0	-38.5809E-9
20.6413E-9	-161.549E-9	159.436E-9	3.31429E+0	44.9000E+3	3.30000E+3	-115.000E+0	-38.4807E-9	-152.641E-9	149.137E-9	3.31291E+0	40.1000E+3	3.60000E+3	-115.000E+0	-38.4807E-9
20.7415E-9	-161.377E-9	159.558E-9	3.31423E+0	41.6000E+3	2.80000E+3	-115.000E+0	-38.3805E-9	-152.331E-9	150.358E-9	3.31300E+0	45.5000E+3	3.50000E+3	-115.000E+0	-38.3805E-9
20.8417E-9	-162.020E-9	159.618E-9	3.31405E+0	44.5000E+3	2.60000E+3	-115.000E+0	-38.2803E-9	-152.042E-9	149.582E-9	3.31353E+0	40.6000E+3	3.90000E+3	-115.000E+0	-38.2803E-9
20.9419E-9	-162.128E-9	160.213E-9	3.31367E+0	41.4000E+3	3.50000E+3	-115.000E+0	-38.1801E-9	-151.788E-9	149.566E-9	3.31371E+0	39.8000E+3	3.00000E+3	-115.000E+0	-38.1801E-9
21.0421E-9	-162.571E-9	160.464E-9	3.31348E+0	39.1000E+3	4.30000E+3	-115.000E+0	-38.0799E-9	-152.358E-9	151.319E-9	3.31396E+0	37.8000E+3	3.10000E+3	-115.000E+0	-38.0799E-9
21.1423E-9	-162.296E-9	160.028E-9	3.31339E+0	42.0000E+3	3.90000E+3	-115.000E+0	-37.9797E-9	-152.062E-9	149.794E-9	3.31431E+0	41.8000E+3	3.10000E+3	-115.000E+0	-37.9797E-9
21.2425E-9	-161.767E-9	159.300E-9	3.31321E+0	44.1000E+3	3.80000E+3	-115.000E+0	-37.8795E-9	-151.974E-9	151.031E-9	3.31431E+0	42.1000E+3	3.70000E+3	-115.000E+0	-37.8795E-9
21.3427E-9	-161.640E-9	159.264E-9	3.31315E+0	40.5000E+3	4.70000E+3	-115.000E+0	-37.7793E-9	-151.756E-9	149.134E-9	3.31426E+0	37.0000E+3	4.10000E+3	-115.000E+0	-37.7793E-9
21.4429E-9	-160.920E-9	159.500E-9	3.31334E+0	42.4000E+3	2.80000E+3	-115.000E+0	-37.6791E-9	-152.257E-9	150.330E-9	3.31440E+0	36.3000E+3	4.30000E+3	-115.000E+0	-37.6791E-9
21.5431E-9	-160.309E-9	159.557E-9	3.31351E+0	40.3000E+3	3.30000E+3	-115.000E+0	-37.5789E-9	-150.928E-9	149.631E-9	3.31408E+0	39.6000E+3	3.90000E+3	-115.000E+0	-37.5789E-9
21.6433E-9	-160.449E-9	158.647E-9	3.31403E+0	44.7000E+3	4.00000E+3	-115.000E+0	-37.4787E-9	-150.791E-9	148.129E-9	3.31372E+0	39.0000E+3	2.90000E+3	-115.000E+0	-37.4787E-9
21.7435E-9	-160.052E-9	158.097E-9	3.31434E+0	41.7000E+3	3.80000E+3	-115.000E+0	-37.3785E-9	-150.699E-9	148.181E-9	3.31359E+0	38.5000E+3	3.30000E+3	-115.000E+0	-37.3785E-9
21.8437E-9	-159.698E-9	156.970E-9	3.31462E+0	39.4000E+3	3.30000E+3	-115.000E+0	-37.2783E-9	-150.373E-9	147.626E-9	3.31316E+0	40.5000E+3	3.60000E+3	-115.000E+0	-37.2783E-9
21.9439E-9	-159.499E-9	156.476E-9	3.31464E+0	39.9000E+3	4.50000E+3	-115.000E+0	-37.1781E-9	-150.010E-9	147.234E-9	3.31313E+0	41.3000E+3	3.60000E+3	-115.000E+0	-37.1781E-9
22.0441E-9	-159.331E-9	157.408E-9	3.31496E+0	43.6000E+3	3.70000E+3	-115.000E+0	-37.0779E-9	-150.025E-9	147.932E-9	3.31288E+0	39.7000E+3	4.00000E+3	-115.000E+0	-37.0779E-9
22.1443E-9	-158.747E-9	155.820E-9	3.31468E+0	41.6000E+3	3.70000E+3	-115.000E+0	-36.9777E-9	-149.360E-9	147.483E-9	3.31306E+0	39.5000E+3	3.00000E+3	-115.000E+0	-36.9777E-9
22.2445E-9	-158.271E-9	156.945E-9	3.31443E+0	42.0000E+3	3.40000E+3	-115.000E+0	-36.8775E-9	-149.246E-9	147.221E-9	3.31297E+0	38.4000E+3	2.80000E+3	-115.000E+0	-36.8775E-9
22.3447E-9	-158.240E-9	156.444E-9	3.31416E+0	41.2000E+3	3.70000E+3	-115.000E+0	-36.7773E-9	-149.066E-9	146.625E-9	3.31341E+0	39.9000E+3	3.30000E+3	-115.000E+0	-36.7773E-9
22.4449E-9	-157.684E-9	154.926E-9	3.31378E+0	47.2000E+3	3.10000E+3	-115.000E+0	-36.6771E-9	-148.728E-9	146.856E-9	3.31361E+0	38.7000E+3	4.40000E+3	-115.000E+0	-36.6771E-9
22.5451E-9	-158.083E-9	155.619E-9	3.31375E+0	43.2000E+3	4.40000E+3	-115.000E+0	-36.5769E-9	-148.261E-9	146.842E-9	3.31376E+0	41.6000E+3	4.10000E+3	-115.000E+0	-36.5769E-9
22.6453E-9	-157.812E-9	155.661E-9	3.31351E+0	44.3000E+3	2.70000E+3	-115.000E+0	-36.4767E-9	-147.956E-9	144.865E-9	3.31410E+0	40.6000E+3	4.10000E+3	-115.000E+0	-36.4767E-9
22.7455E-9	-157.478E-9	155.303E-9	3.31342E+0	40.3000E+3	4.60000E+3	-115.000E+0	-36.3765E-9	-147.914E-9	145.561E-9	3.31397E+0	43.8000E+3	3.80000E+3	-115.000E+0	-36.3765E-9
22.8457E-9	-158.347E-9	156.795E-9	3.31371E+0	43.3000E+3	3.80000E+3	-115.000E+0	-36.2763E-9	-147.259E-9	145.573E-9	3.31384E+0	40.3000E+3	3.50000E+3	-115.000E+0	-36.2763E-9
22.9459E-9	-157.878E-9	155.405E-9	3.31406E+0	41.7000E+3	3.10000E+3	-115.000E+0	-36.1761E-9	-146.974E-9	145.416E-9	3.31372E+0	38.0000E+3	4.70000E+3	-115.000E+0	-36.1761E-9
23.0461E-9	-157.376E-9	155.096E-9	3.31452E+0	43.4000E+3	3.80000E+3	-115.000E+0	-36.0759E-9	-146.475E-9	143.601E-9	3.31334E+0	39.3000E+3	3.30000E+3	-115.000E+0	-36.0759E-9
23.1463E-9	-157.303E-9	154.809E-9	3.31468E+0	42.7000E+3	3.40000E+3	-115.000E+0	-35.9757E-9	-146.126E-9	144.061E-9	3.31304E+0	40.7000E+3	3.00000E+3	-115.000E+0	-35.9757E-9
23.2465E-9	-157.102E-9	155.360E-9	3.31488E+0	39.3000E+3	4.30000E+3	-115.000E+0	-35.8755E-9	-146.013E-9	144.370E-9	3.31276E+0	39.7000E+3	3.90000E+3	-115.000E+0	-35.8755E-9
23.3467E-9	-157.057E-9	154.527E-9	3.31522E+0	43.1000E+3	2.80000E+3	-115.000E+0	-35.7753E-9	-145.352E-9	143.242E-9	3.31242E+0	42.2000E+3	4.40000E+3	-115.000E+0	-35.7753E-9
23.4469E-9	-155.838E-9	154.773E-9	3.31535E+0	42.9000E+3	3.70000E+3	-115.000E+0	-35.6751E-9	-144.703E-9	143.869E-9	3.31218E+0	40.2000E+3	2.90000E+3	-115.000E+0	-35.6751E-9
23.5471E-9	-155.582E-9	152.080E-9	3.31532E+0	41.8000E+3	4.40000E+3	-115.000E+0	-35.5749E-9	-144.616E-9	141.313E-9	3.31215E+0	38.8000E+3	3.30000E+3	-115.000E+0	-35.5749E-9
23.6473E-9	-154.617E-9	152.213E-9	3.31531E+0	43.8000E+3	3.40000E+3	-115.000E+0	-35.4747E-9	-143.989E-9	142.191E-9	3.31243E+0	40.0000E+3	4.20000E+3	-115.000E+0	-35.4747E-9
23.7475E-9	-153.946E-9	151.346E-9	3.31485E+0	39.9000E+3	3.50000E+3	-115.000E+0	-35.3745E-9	-143.524E-9	141.610E-9	3.31266E+0	38.5000E+3	3.30000E+3	-115.000E+0	-35.3745E-9
23.8477E-9	-153.797E-9	151.889E-9	3.31456E+0	41.0000E+3	4.10000E+3	-115.000E+0	-35.2743E-9	-143.902E-9	142.209E-9	3.31277E+0	41.1000E+3	3.40000E+3	-115.000E+0	-35.2743E-9
23.9479E-9	-154.425E-9	151.604E-9	3.31442E+0	44.3000E+3	3.90000E+3	-115.000E+0	-35.1741E-9	-144.329E-9	142.768E-9	3.31310E+0	40.7000E+3	3.50000E+3	-115.000E+0	-35.1741E-9
24.0481E-9	-154.317E-9	151.351E-9	3.31408E+0	42.4000E+3	4.40000E+3	-115.000E+0	-35.0739E-9	-144.162E-9	141.431E-9	3.31329E+0	37.8000E+3	3.50000E+3	-115.000E+0	-35.0739E-9
24.1483E-9	-154.009E-9	149.960E-9	3.31392E+0	41.1000E+3	4.60000E+3	-115.000E+0	-34.9737E-9	-143.593E-9	141.535E-9	3.31337E+0	38.8000E+3	3.60000E+3	-115.000E+0	-34.9737E-9
24.2485E-9	-153.986E-9	151.838E-9	3.31395E+0	43.9000E+3	2.40000E+3	-115.000E+0	-34.8735E-9	-143.669E-9	140.969E-9	3.31344E+0	38.3000E+3	2.90000E+3	-115.000E+0	-34.8735E-9
24.3487E-9	-153.859E-9	151.722E-9	3.31410E+0	38.2000E+3	4.60000E+3	-115.000E+0	-34.7733E-9	-143.489E-9	140.376E-9	3.31311E+0	37.9000E+3	3.70000E+3	-115.000E+0	-34.7733E-9
24.4489E-9	-153.567E-9	152.239E-9	3.31426E+0	42.7000E+3	3.40000E+3	-115.000E+0	-34.6731E-9	-143.649E-9	142.592E-9	3.31302E+0	36.2000E+3	3.20000E+3	-115.000E+0	-34.6731E-9
24.5491E-9	-152.978E-9	150.967E-9	3.31488E+0	37.4000E+3	3.60000E+3	-115.000E+0	-34.5729E-9	-143.164E-9	140.830E-9	3.31286E+0	38.0000E+3	3.40000E+3	-115.000E+0	-34.5729E-9
24.6493E-9	-152.335E-9	150.360E-9	3.31484E+0	37.9000E+3	3.20000E+3	-115.000E+0	-34.4727E-9	-143.244E-9	140.517E-9	3.31246E+0	38.2000E+3	3.10000E+3	-115.000E+0	-34.4727E-9
24.7495E-9	-151.991E-9	149.954E-9	3.31515E+0	38.7000E+3	3.50000E+3	-115.000E+0	-34.3725E-9	-142.740E-9	140.556E-9	3.31200E+0	39.4000E+3	2.50000E+3	-115.000E+0	-34.3725E-9
24.8497E-9	-151.816E-9	149.414E-9	3.31532E+0	34.6000E+3	5.00000E+3	-115.000E+0	-34.2723E-9	-142.115E-9	140.159E-9	3.31217E+0	38.3000E+3	3.20000E+3	-115.000E+0	-34.2723E-9
24.9499E-9	-151.905E-9	148.375E-9	3.31535E+0	41.1000E+3	5.10000E+3	-115.000E+0	-34.1721E-9	-142.195E-9	139.708E-9	3.31177E+0	39.6000E+3	4.10000E+3	-115.000E+0	-34.1721E-9
25.0501E-9	-151.887E-9	149.549E-9	3.31494E+0	42.0000E+3	4.20000E+3	-115.000E+0	-34.0719E-9	-142.004E-9	139.005E-9	3.31241E+0	41.1000E+3	3.10000E+3	-115.000E+0	-34.0719E-9
25.1503E-9	-151.735E-9	150.033E-9	3.31486E+0	41.8000E+3	3.00000E+3	-115.000E+0	-33.9717E-9	-141.866E-9	139.366E-9	3.31260E+0	36.4000E+3	4.40000E+3	-115.000E+0	-33.9717E-9
25.2505E-9	-151.122E-9	149.586E-9	3.31422E+0	38.5000E+3	3.50000E+3	-115.000E+0	-33.8715E-9	-141.497E-9	138.539E-9	3.31294E+0	40.5000E+3	4.70000E+3	-115.000E+0	-33.8715E-9
25.3507E-9	-150.708E-9	148.816E-9	3.31424E+0	41.0000E+3	4.40000E+3	-115.000E+0	-33.7713E-9	-141.168E-9	139.258E-9	3.31334E+0	38.4000E+3	4.00000E+3	-115.000E+0	-33.7713E-9
25.4509E-9	-150.086E-9	147.791E-9	3.31404E+0	41.9000E+3	3.50000E+3	-115.000E+0	-33.6711E-9	-140.664E-9	139.735E-9	3.31356E+0	39.3000E+3	4.50000E+3	-115.000E+0	-33.6711E-9
25.5511E-9	-149.807E-9	147.282E-9	3.31374E+0	41.3000E+3	3.10000E+3	-115.000E+0	-33.5709E-9	-140.407E-9	137.641E-9	3.31392E+0	40.7000E+3	2.80000E+3	-115.000E+0	-33.5709E-9
25.6513E-9	-149.597E-9	146.528E-9	3.31385E+0	38.7000E+3	3.80000E+3	-115.000E+0	-33.4707E-9	-140.562E-9	137.705E-9	3.31404E+0	37.4000E+3	3.20000E+3	-115.000E+0	-33.4707E-9
25.7515E-9	-149.475E-9	146.420E-9	3.31408E+0	40.1000E+3	4.60000E+3	-115.000E+0	-33.3705E-9	-140.328E-9	138.089E-9	3.31402E+0	38.6000E+3	3.40000E+3	-115.000E+0	-33.3705E-9
25.8517E-9	-149.049E-9	146.151E-9	3.31427E+0	41.5000E+3	3.60000E+3	-115.000E+0	-33.2703E-9	-139.724E-9	136.755E-9	3.31379E+0	35.4000E+3	4.20000E+3	-115.000E+0	-33.2703E-9
25.9519E-9	-148.523E-9	146.694E-9	3.31478E+0	38.6000E+3	3.90000E+3	-115.000E+0	-33.1701E-9	-139.281E-9	137.409E-9	3.31356E+0	40.3000E+3	2.90000E+3	-115.000E+0	-33.1701E-9
26.0521E-9	-143.012E-9	141.107E-9	3.31521E+0	39.5000E+3	4.50000E+3	-115.000E+0	-33.0699E-9	-138.798E-9	136.346E-9	3.31326E+0	40.8000E+3	4.10000E+3	-115.000E+0	-33.0699E-9
26.1523E-9	-141.010E-9	139.149E-9	3.31563E+0	37.5000E+3	3.40000E+3	-115.000E+0	-32.9697E-9	-138.727E-9	137.544E-9	3.31294E+0	39.6000E+3	4.50000E+3	-115.000E+0	-32.9697E-9
26.2525E-9	-140.850E-9	138.301E-9	3.31561E+0	41.0000E+3	4.30000E+3	-115.000E+0	-32.8695E-9	-139.180E-9	137.235E-9	3.31250E+0	39.5000E+3	2.70000E+3	-115.000E+0	-32.8695E-9
26.3527E-9	-138.673E-9	137.177E-9	3.31574E+0	38.5000E+3	3.30000E+3	-115.000E+0	-32.7693E-9	-138.179E-9	136.638E-9	3.31236E+0	34.7000E+3	3.30000E+3	-115.000E+0	-32.7693E-9
26.4529E-9	-138.401E-9	136.178E-9	3.31580E+0	38.1000E+3	3.90000E+3	-115.000E+0	-32.6691E-9	-138.030E-9	135.199E-9	3.31239E+0	39.0000E+3	3.10000E+3	-115.000E+0	-32.6691E-9
26.5531E-9	-138.026E-9	135.397E-9	3.31532E+0	40.2000E+3	2.80000E+3	-115.000E+0	-32.5689E-9	-137.739E-9	134.963E-9	3.31254E+0	37.4000E+3	4.50000E+3	-115.000E+0	-32.5689E-9
26.6533E-9	-137.712E-9	135.904E-9	3.31493E+0	38.6000E+3	3.60000E+3	-115.000E+0	-32.4687E-9	-137.765E-9	135.847E-9	3.31286E+0	35.3000E+3	2.80000E+3	-115.000E+0	-32.4687E-9
26.7535E-9	-136.783E-9	134.934E-9	3.31486E+0	38.3000E+3	3.60000E+3	-115.000E+0	-32.3685E-9	-137.277E-9	135.028E-9	3.31316E+0	38.2000E+3	5.20000E+3	-115.000E+0	-32.3685E-9
26.8537E-9	-136.364E-9	134.590E-9	3.31450E+0	40.2000E+3	3.70000E+3	-115.000E+0	-32.2683E-9	-136.677E-9	134.475E-9	3.31329E+0	34.8000E+3	4.00000E+3	-115.000E+0	-32.2683E-9
26.9539E-9	-135.637E-9	133.315E-9	3.31426E+0	34.5000E+3	3.90000E+3	-115.000E+0	-32.1681E-9	-136.084E-9	133.824E-9	3.31362E+0	36.6000E+3	2.30000E+3	-115.000E+0	-32.1681E-9
27.0541E-9	-135.552E-9	133.864E-9	3.31413E+0	34.5000E+3	3.30000E+3	-115.000E+0	-32.0679E-9	-135.818E-9	133.340E-9	3.31396E+0	38.8000E+3	2.70000E+3	-115.000E+0	-32.0679E-9
27.1543E-9	-135.162E-9	132.419E-9	3.31399E+0	37.9000E+3	4.20000E+3	-115.000E+0	-31.9677E-9	-136.048E-9	134.338E-9	3.31379E+0	36.7000E+3	3.90000E+3	-115.000E+0	-31.9677E-9
27.2545E-9	-134.659E-9	132.342E-9	3.31404E+0	37.0000E+3	2.80000E+3	-115.000E+0	-31.8675E-9	-136.022E-9	133.306E-9	3.31384E+0	38.5000E+3	2.90000E+3	-115.000E+0	-31.8675E-9
27.3547E-9	-134.689E-9	132.002E-9	3.31454E+0	36.8000E+3	2.80000E+3	-115.000E+0	-31.7673E-9	-136.043E-9	134.133E-9	3.31375E+0	37.9000E+3	2.70000E+3	-115.000E+0	-31.7673E-9
27.4549E-9	-134.087E-9	131.997E-9	3.31454E+0	33.5000E+3	4.00000E+3	-115.000E+0	-31.6671E-9	-136.066E-9	134.042E-9	3.31332E+0	36.7000E+3	3.20000E+3	-115.000E+0	-31.6671E-9
27.5551E-9	-134.324E-9	132.779E-9	3.31504E+0	36.6000E+3	2.70000E+3	-115.000E+0	-31.5669E-9	-135.556E-9	132.794E-9	3.31291E+0	39.8000E+3	2.80000E+3	-115.000E+0	-31.5669E-9
27.6553E-9	-133.736E-9	131.892E-9	3.31544E+0	37.2000E+3	3.60000E+3	-115.000E+0	-31.4667E-9	-135.356E-9	132.942E-9	3.31280E+0	36.4000E+3	4.50000E+3	-115.000E+0	-31.4667E-9
27.7555E-9	-133.979E-9	131.964E-9	3.31530E+0	35.8000E+3	4.40000E+3	-115.000E+0	-31.3665E-9	-134.964E-9	132.568E-9	3.31249E+0	37.3000E+3	3.90000E+3	-115.000E+0	-31.3665E-9
27.8557E-9	-133.943E-9	131.296E-9	3.31551E+0	35.2000E+3	4.00000E+3	-115.000E+0	-31.2663E-9	-134.428E-9	132.404E-9	3.31226E+0	40.7000E+3	4.20000E+3	-115.000E+0	-31.2663E-9
27.9559E-9	-133.622E-9	131.821E-9	3.31551E+0	35.9000E+3	3.30000E+3	-115.000E+0	-31.1661E-9	-133.851E-9	130.776E-9	3.31273E+0	36.8000E+3	3.30000E+3	-115.000E+0	-31.1661E-9
28.0561E-9	-133.530E-9	131.655E-9	3.31508E+0	35.7000E+3	4.40000E+3	-115.000E+0	-31.0659E-9	-133.654E-9	130.650E-9	3.31269E+0	36.8000E+3	2.30000E+3	-115.000E+0	-31.0659E-9
28.1563E-9	-133.322E-9	130.598E-9	3.31473E+0	41.3000E+3	2.40000E+3	-115.000E+0	-30.9657E-9	-134.568E-9	131.045E-9	3.31295E+0	37.8000E+3	3.60000E+3	-115.000E+0	-30.9657E-9
28.2565E-9	-133.141E-9	130.989E-9	3.31479E+0	35.3000E+3	2.80000E+3	-115.000E+0	-30.8655E-9	-133.652E-9	130.509E-9	3.31340E+0	36.0000E+3	3.90000E+3	-115.000E+0	-30.8655E-9
28.3567E-9	-133.036E-9	130.917E-9	3.31430E+0	36.6000E+3	3.70000E+3	-115.000E+0	-30.7653E-9	-133.064E-9	131.534E-9	3.31362E+0	38.1000E+3	2.20000E+3	-115.000E+0	-30.7653E-9
28.4569E-9	-132.711E-9	131.222E-9	3.31434E+0	36.5000E+3	4.00000E+3	-115.000E+0	-30.6651E-9	-132.663E-9	130.303E-9	3.31381E+0	39.6000E+3	4.50000E+3	-115.000E+0	-30.6651E-9
28.5571E-9	-132.313E-9	131.377E-9	3.31417E+0	38.7000E+3	3.50000E+3	-115.000E+0	-30.5649E-9	-133.019E-9	131.122E-9	3.31417E+0	36.1000E+3	2.70000E+3	-115.000E+0	-30.5649E-9
28.6573E-9	-132.302E-9	130.426E-9	3.31411E+0	38.8000E+3	4.60000E+3	-115.000E+0	-30.4647E-9	-132.120E-9	130.800E-9	3.31386E+0	33.7000E+3	4.20000E+3	-115.000E+0	-30.4647E-9
28.7575E-9	-132.024E-9	129.504E-9	3.31458E+0	36.0000E+3	3.50000E+3	-115.000E+0	-30.3645E-9	-132.097E-9	130.189E-9	3.31391E+0	35.1000E+3	3.80000E+3	-115.000E+0	-30.3645E-9
28.8577E-9	-131.552E-9	129.786E-9	3.31499E+0	38.9000E+3	2.90000E+3	-115.000E+0	-30.2643E-9	-131.989E-9	130.574E-9	3.31377E+0	37.2000E+3	3.70000E+3	-115.000E+0	-30.2643E-9
28.9579E-9	-131.163E-9	128.670E-9	3.31518E+0	34.7000E+3	2.60000E+3	-115.000E+0	-30.1641E-9	-131.605E-9	129.879E-9	3.31347E+0	38.4000E+3	3.20000E+3	-115.000E+0	-30.1641E-9
29.0581E-9	-131.209E-9	129.283E-9	3.31550E+0	36.3000E+3	3.70000E+3	-115.000E+0	-30.0639E-9	-131.405E-9	130.361E-9	3.31313E+0	36.6000E+3	2.80000E+3	-115.000E+0	-30.0639E-9
29.1583E-9	-130.943E-9	129.734E-9	3.31563E+0	31.7000E+3	4.00000E+3	-115.000E+0	-29.9637E-9	-130.767E-9	128.393E-9	3.31293E+0	37.5000E+3	3.10000E+3	-115.000E+0	-29.9637E-9
29.2585E-9	-130.611E-9	129.865E-9	3.31566E+0	35.1000E+3	3.00000E+3	-115.000E+0	-29.8635E-9	-130.628E-9	130.257E-9	3.31286E+0	37.5000E+3	3.90000E+3	-115.000E+0	-29.8635E-9
29.3587E-9	-130.414E-9	128.463E-9	3.31569E+0	37.3000E+3	3.00000E+3	-115.000E+0	-29.7633E-9	-130.410E-9	128.628E-9	3.31304E+0	35.0000E+3	4.60000E+3	-115.000E+0	-29.7633E-9
29.4589E-9	-130.355E-9	127.702E-9	3.31532E+0	36.7000E+3	3.00000E+3	-115.000E+0	-29.6631E-9	-130.206E-9	127.778E-9	3.31329E+0	39.1000E+3	3.80000E+3	-115.000E+0	-29.6631E-9
29.5591E-9	-129.931E-9	128.699E-9	3.31493E+0	32.0000E+3	3.00000E+3	-115.000E+0	-29.5629E-9	-130.103E-9	128.829E-9	3.31354E+0	33.7000E+3	3.90000E+3	-115.000E+0	-29.5629E-9
29.6593E-9	-129.825E-9	127.042E-9	3.31474E+0	36.1000E+3	3.70000E+3	-115.000E+0	-29.4627E-9	-130.349E-9	128.403E-9	3.31396E+0	34.3000E+3	4.10000E+3	-115.000E+0	-29.4627E-9
29.7595E-9	-129.309E-9	126.821E-9	3.31424E+0	37.7000E+3	3.50000E+3	-115.000E+0	-29.3625E-9	-129.851E-9	127.777E-9	3.31425E+0	33.9000E+3	6.00000E+3	-115.000E+0	-29.3625E-9
29.8597E-9	-128.891E-9	127.093E-9	3.31412E+0	35.9000E+3	2.40000E+3	-115.000E+0	-29.2623E-9	-129.785E-9	127.829E-9	3.31448E+0	37.8000E+3	3.40000E+3	-115.000E+0	-29.2623E-9
29.9599E-9	-128.791E-9	126.506E-9	3.31399E+0	32.5000E+3	3.30000E+3	-115.000E+0	-29.1621E-9	-129.222E-9	127.337E-9	3.31474E+0	35.9000E+3	2.80000E+3	-115.000E+0	-29.1621E-9
30.0601E-9	-128.847E-9	126.042E-9	3.31381E+0	36.0000E+3	4.00000E+3	-115.000E+0	-29.0619E-9	-129.391E-9	128.048E-9	3.31481E+0	39.7000E+3	3.20000E+3	-115.000E+0	-29.0619E-9
30.1603E-9	-128.714E-9	126.653E-9	3.31426E+0	35.0000E+3	3.10000E+3	-115.000E+0	-28.9617E-9	-129.296E-9	126.912E-9	3.31485E+0	38.5000E+3	4.00000E+3	-115.000E+0	-28.9617E-9
30.2605E-9	-128.566E-9	126.423E-9	3.31460E+0	37.5000E+3	3.90000E+3	-115.000E+0	-28.8615E-9	-128.304E-9	126.583E-9	3.31440E+0	32.3000E+3	4.40000E+3	-115.000E+0	-28.8615E-9
30.3607E-9	-128.112E-9	126.484E-9	3.31479E+0	35.9000E+3	2.80000E+3	-115.000E+0	-28.7613E-9	-128.004E-9	125.602E-9	3.31411E+0	36.9000E+3	3.40000E+3	-115.000E+0	-28.7613E-9
30.4609E-9	-128.091E-9	126.038E-9	3.31519E+0	38.9000E+3	2.20000E+3	-115.000E+0	-28.6611E-9	-127.899E-9	125.971E-9	3.31386E+0	38.8000E+3	3.30000E+3	-115.000E+0	-28.6611E-9
30.5611E-9	-127.716E-9	125.994E-9	3.31511E+0	34.3000E+3	3.30000E+3	-115.000E+0	-28.5609E-9	-127.347E-9	125.339E-9	3.31336E+0	33.1000E+3	2.40000E+3	-115.000E+0	-28.5609E-9
30.6613E-9	-127.123E-9	124.826E-9	3.31524E+0	36.7000E+3	3.20000E+3	-115.000E+0	-28.4607E-9	-127.725E-9	126.372E-9	3.31314E+0	34.8000E+3	2.20000E+3	-115.000E+0	-28.4607E-9
30.7615E-9	-126.899E-9	125.632E-9	3.31551E+0	34.9000E+3	3.30000E+3	-115.000E+0	-28.3605E-9	-126.895E-9	124.832E-9	3.31311E+0	35.6000E+3	2.90000E+3	-115.000E+0	-28.3605E-9
30.8617E-9	-125.955E-9	124.835E-9	3.31518E+0	37.8000E+3	2.20000E+3	-115.000E+0	-28.2603E-9	-127.067E-9	125.063E-9	3.31310E+0	36.3000E+3	4.70000E+3	-115.000E+0	-28.2603E-9
30.9619E-9	-126.104E-9	124.246E-9	3.31489E+0	35.0000E+3	3.60000E+3	-115.000E+0	-28.1601E-9	-126.543E-9	124.951E-9	3.31312E+0	37.3000E+3	2.80000E+3	-115.000E+0	-28.1601E-9
31.0621E-9	-126.354E-9	124.053E-9	3.31468E+0	34.6000E+3	3.10000E+3	-115.000E+0	-28.0599E-9	-126.813E-9	124.957E-9	3.31358E+0	36.8000E+3	2.80000E+3	-115.000E+0	-28.0599E-9
31.1623E-9	-126.034E-9	123.699E-9	3.31415E+0	35.2000E+3	3.60000E+3	-115.000E+0	-27.9597E-9	-126.115E-9	124.544E-9	3.31379E+0	36.3000E+3	3.20000E+3	-115.000E+0	-27.9597E-9
31.2625E-9	-125.677E-9	123.089E-9	3.31404E+0	33.6000E+3	2.50000E+3	-115.000E+0	-27.8595E-9	-125.939E-9	124.415E-9	3.31416E+0	36.4000E+3	3.60000E+3	-115.000E+0	-27.8595E-9
31.3627E-9	-125.372E-9	123.150E-9	3.31394E+0	35.7000E+3	4.30000E+3	-115.000E+0	-27.7593E-9	-125.825E-9	124.142E-9	3.31470E+0	37.6000E+3	3.50000E+3	-115.000E+0	-27.7593E-9
31.4629E-9	-125.183E-9	121.933E-9	3.31378E+0	32.6000E+3	3.40000E+3	-115.000E+0	-27.6591E-9	-125.656E-9	123.253E-9	3.31469E+0	32.8000E+3	2.10000E+3	-115.000E+0	-27.6591E-9
31.5631E-9	-124.839E-9	122.264E-9	3.31392E+0	37.1000E+3	1.60000E+3	-115.000E+0	-27.5589E-9	-125.668E-9	123.186E-9	3.31454E+0	32.2000E+3	3.10000E+3	-115.000E+0	-27.5589E-9
31.6633E-9	-124.410E-9	123.020E-9	3.31404E+0	35.3000E+3	2.20000E+3	-115.000E+0	-27.4587E-9	-125.356E-9	124.249E-9	3.31456E+0	35.1000E+3	2.50000E+3	-115.000E+0	-27.4587E-9
31.7635E-9	-124.196E-9	122.591E-9	3.31459E+0	30.8000E+3	3.00000E+3	-115.000E+0	-27.3585E-9	-125.352E-9	123.571E-9	3.31401E+0	31.8000E+3	2.80000E+3	-115.000E+0	-27.3585E-9
31.8637E-9	-124.455E-9	121.627E-9	3.31471E+0	37.1000E+3	3.60000E+3	-115.000E+0	-27.2583E-9	-125.321E-9	122.777E-9	3.31368E+0	37.1000E+3	2.60000E+3	-115.000E+0	-27.2583E-9
31.9639E-9	-124.224E-9	123.328E-9	3.31505E+0	40.9000E+3	3.20000E+3	-115.000E+0	-27.1581E-9	-124.914E-9	122.594E-9	3.31345E+0	34.7000E+3	2.80000E+3	-115.000E+0	-27.1581E-9
32.0641E-9	-123.695E-9	122.602E-9	3.31511E+0	33.9000E+3	3.20000E+3	-115.000E+0	-27.0579E-9	-124.471E-9	122.878E-9	3.31286E+0	36.0000E+3	3.10000E+3	-115.000E+0	-27.0579E-9
32.1643E-9	-123.114E-9	120.938E-9	3.31535E+0	35.8000E+3	1.80000E+3	-115.000E+0	-26.9577E-9	-124.460E-9	123.091E-9	3.31265E+0	34.2000E+3	3.90000E+3	-115.000E+0	-26.9577E-9
32.2645E-9	-122.883E-9	119.795E-9	3.31531E+0	35.7000E+3	4.00000E+3	-115.000E+0	-26.8575E-9	-123.973E-9	121.971E-9	3.31271E+0	33.4000E+3	2.10000E+3	-115.000E+0	-26.8575E-9
32.3647E-9	-122.675E-9	121.659E-9	3.31498E+0	34.2000E+3	2.80000E+3	-115.000E+0	-26.7573E-9	-123.595E-9	120.885E-9	3.31279E+0	37.7000E+3	2.80000E+3	-115.000E+0	-26.7573E-9
32.4649E-9	-122.467E-9	120.686E-9	3.31476E+0	32.6000E+3	1.90000E+3	-115.000E+0	-26.6571E-9	-123.221E-9	120.832E-9	3.31280E+0	36.4000E+3	3.80000E+3	-115.000E+0	-26.6571E-9
32.5651E-9	-122.506E-9	120.382E-9	3.31440E+0	35.8000E+3	2.90000E+3	-115.000E+0	-26.5569E-9	-123.719E-9	122.350E-9	3.31326E+0	37.6000E+3	3.30000E+3	-115.000E+0	-26.5569E-9
32.6653E-9	-122.271E-9	120.128E-9	3.31407E+0	35.9000E+3	3.10000E+3	-115.000E+0	-26.4567E-9	-123.728E-9	121.800E-9	3.31348E+0	35.0000E+3	2.80000E+3	-115.000E+0	-26.4567E-9
32.7655E-9	-121.675E-9	119.881E-9	3.31408E+0	33.8000E+3	3.60000E+3	-115.000E+0	-26.3565E-9	-123.146E-9	121.601E-9	3.31372E+0	36.1000E+3	3.80000E+3	-115.000E+0	-26.3565E-9
32.8657E-9	-121.675E-9	119.577E-9	3.31401E+0	36.7000E+3	3.40000E+3	-115.000E+0	-26.2563E-9	-123.021E-9	121.017E-9	3.31401E+0	34.3000E+3	3.10000E+3	-115.000E+0	-26.2563E-9
32.9659E-9	-121.317E-9	120.024E-9	3.31387E+0	33.5000E+3	3.10000E+3	-115.000E+0	-26.1561E-9	-123.425E-9	121.535E-9	3.31397E+0	34.6000E+3	2.90000E+3	-115.000E+0	-26.1561E-9
33.0661E-9	-121.519E-9	119.575E-9	3.31397E+0	28.6000E+3	3.30000E+3	-115.000E+0	-26.0559E-9	-122.771E-9	120.364E-9	3.31383E+0	36.9000E+3	2.10000E+3	-115.000E+0	-26.0559E-9
33.1663E-9	-121.135E-9	119.202E-9	3.31409E+0	35.7000E+3	3.40000E+3	-115.000E+0	-25.9557E-9	-121.722E-9	120.083E-9	3.31361E+0	36.2000E+3	2.70000E+3	-115.000E+0	-25.9557E-9
33.2665E-9	-121.383E-9	119.313E-9	3.31453E+0	36.0000E+3	2.90000E+3	-115.000E+0	-25.8555E-9	-122.107E-9	120.809E-9	3.31322E+0	35.0000E+3	2.70000E+3	-115.000E+0	-25.8555E-9
33.3667E-9	-121.047E-9	119.284E-9	3.31460E+0	32.8000E+3	2.20000E+3	-115.000E+0	-25.7553E-9	-121.086E-9	119.020E-9	3.31303E+0	34.6000E+3	3.30000E+3	-115.000E+0	-25.7553E-9
33.4669E-9	-120.664E-9	119.280E-9	3.31479E+0	32.7000E+3	2.30000E+3	-115.000E+0	-25.6550E-9	-120.797E-9	119.666E-9	3.31246E+0	35.1000E+3	3.50000E+3	-115.000E+0	-25.6550E-9
33.5671E-9	-120.485E-9	118.830E-9	3.31490E+0	33.6000E+3	2.90000E+3	-115.000E+0	-25.5548E-9	-120.773E-9	119.404E-9	3.31249E+0	34.0000E+3	2.70000E+3	-115.000E+0	-25.5548E-9
33.6673E-9	-120.028E-9	118.338E-9	3.31484E+0	36.7000E+3	3.30000E+3	-115.000E+0	-25.4546E-9	-120.721E-9	118.269E-9	3.31235E+0	37.2000E+3	3.50000E+3	-115.000E+0	-25.4546E-9
33.7675E-9	-120.048E-9	118.260E-9	3.31448E+0	30.7000E+3	4.10000E+3	-115.000E+0	-25.3544E-9	-120.419E-9	117.621E-9	3.31258E+0	38.4000E+3	2.60000E+3	-115.000E+0	-25.3544E-9
33.8677E-9	-119.997E-9	118.379E-9	3.31425E+0	33.3000E+3	2.50000E+3	-115.000E+0	-25.2542E-9	-120.699E-9	118.890E-9	3.31278E+0	34.7000E+3	3.20000E+3	-115.000E+0	-25.2542E-9
33.9679E-9	-119.338E-9	117.656E-9	3.31371E+0	31.4000E+3	3.80000E+3	-115.000E+0	-25.1540E-9	-120.345E-9	117.969E-9	3.31304E+0	33.3000E+3	3.80000E+3	-115.000E+0	-25.1540E-9
34.0681E-9	-119.387E-9	116.054E-9	3.31348E+0	34.1000E+3	2.80000E+3	-115.000E+0	-25.0538E-9	-120.434E-9	118.105E-9	3.31322E+0	33.7000E+3	3.90000E+3	-115.000E+0	-25.0538E-9
34.1683E-9	-119.153E-9	117.731E-9	3.31329E+0	37.9000E+3	2.10000E+3	-115.000E+0	-24.9536E-9	-120.556E-9	118.745E-9	3.31367E+0	36.0000E+3	2.70000E+3	-115.000E+0	-24.9536E-9
34.2685E-9	-119.036E-9	117.724E-9	3.31288E+0	33.8000E+3	2.90000E+3	-115.000E+0	-24.8534E-9	-120.171E-9	118.960E-9	3.31400E+0	37.0000E+3	2.00000E+3	-115.000E+0	-24.8534E-9
34.3687E-9	-119.001E-9	117.305E-9	3.31279E+0	34.2000E+3	2.80000E+3	-115.000E+0	-24.7532E-9	-119.982E-9	117.136E-9	3.31428E+0	35.4000E+3	3.50000E+3	-115.000E+0	-24.7532E-9
34.4689E-9	-118.688E-9	117.525E-9	3.31297E+0	35.5000E+3	2.90000E+3	-115.000E+0	-24.6530E-9	-119.978E-9	117.690E-9	3.31427E+0	32.9000E+3	3.70000E+3	-115.000E+0	-24.6530E-9
34.5691E-9	-118.757E-9	115.931E-9	3.31293E+0	34.9000E+3	3.30000E+3	-115.000E+0	-24.5528E-9	-119.643E-9	117.340E-9	3.31421E+0	32.5000E+3	4.20000E+3	-115.000E+0	-24.5528E-9
34.6693E-9	-118.553E-9	117.687E-9	3.31337E+0	33.4000E+3	3.50000E+3	-115.000E+0	-24.4526E-9	-119.038E-9	117.446E-9	3.31410E+0	35.9000E+3	3.70000E+3	-115.000E+0	-24.4526E-9
34.7695E-9	-118.156E-9	115.892E-9	3.31369E+0	33.7000E+3	3.00000E+3	-115.000E+0	-24.3524E-9	-119.587E-9	118.169E-9	3.31395E+0	34.8000E+3	3.00000E+3	-115.000E+0	-24.3524E-9
34.8697E-9	-117.905E-9	116.540E-9	3.31398E+0	30.7000E+3	2.50000E+3	-115.000E+0	-24.2522E-9	-118.815E-9	117.629E-9	3.31356E+0	33.3000E+3	4.10000E+3	-115.000E+0	-24.2522E-9
34.9699E-9	-117.650E-9	116.007E-9	3.31418E+0	33.1000E+3	2.50000E+3	-115.000E+0	-24.1520E-9	-118.652E-9	116.610E-9	3.31308E+0	32.6000E+3	4.00000E+3	-115.000E+0	-24.1520E-9
35.0701E-9	-118.149E-9	116.455E-9	3.31425E+0	34.3000E+3	3.10000E+3	-115.000E+0	-24.0518E-9	-118.331E-9	116.932E-9	3.31311E+0	32.6000E+3	4.40000E+3	-115.000E+0	-24.0518E-9
35.1703E-9	-117.842E-9	115.832E-9	3.31413E+0	31.4000E+3	3.00000E+3	-115.000E+0	-23.9516E-9	-118.345E-9	116.527E-9	3.31288E+0	33.3000E+3	2.30000E+3	-115.000E+0	-23.9516E-9
35.2705E-9	-117.622E-9	115.248E-9	3.31396E+0	33.2000E+3	1.90000E+3	-115.000E+0	-23.8514E-9	-118.117E-9	115.879E-9	3.31302E+0	32.3000E+3	2.70000E+3	-115.000E+0	-23.8514E-9
35.3707E-9	-117.188E-9	116.279E-9	3.31369E+0	35.6000E+3	3.10000E+3	-115.000E+0	-23.7512E-9	-117.852E-9	115.899E-9	3.31341E+0	33.4000E+3	3.60000E+3	-115.000E+0	-23.7512E-9
35.4709E-9	-116.698E-9	115.274E-9	3.31357E+0	31.9000E+3	3.90000E+3	-115.000E+0	-23.6510E-9	-117.689E-9	115.541E-9	3.31352E+0	36.4000E+3	3.00000E+3	-115.000E+0	-23.6510E-9
35.5711E-9	-116.630E-9	115.102E-9	3.31341E+0	37.7000E+3	3.50000E+3	-115.000E+0	-23.5508E-9	-118.016E-9	116.323E-9	3.31370E+0	34.2000E+3	2.90000E+3	-115.000E+0	-23.5508E-9
35.6713E-9	-116.643E-9	115.184E-9	3.31306E+0	36.4000E+3	3.30000E+3	-115.000E+0	-23.4506E-9	-117.535E-9	114.966E-9	3.31409E+0	33.1000E+3	3.10000E+3	-115.000E+0	-23.4506E-9
35.7715E-9	-116.519E-9	114.972E-9	3.31294E+0	35.4000E+3	3.00000E+3	-115.000E+0	-23.3504E-9	-117.059E-9	116.299E-9	3.31437E+0	33.8000E+3	2.50000E+3	-115.000E+0	-23.3504E-9
35.8717E-9	-116.279E-9	114.454E-9	3.31281E+0	34.2000E+3	2.70000E+3	-115.000E+0	-23.2502E-9	-116.662E-9	114.671E-9	3.31452E+0	32.6000E+3	2.90000E+3	-115.000E+0	-23.2502E-9
35.9719E-9	-115.944E-9	113.868E-9	3.31295E+0	30.4000E+3	3.60000E+3	-115.000E+0	-23.1500E-9	-116.188E-9	114.960E-9	3.31451E+0	33.2000E+3	3.60000E+3	-115.000E+0	-23.1500E-9
36.0721E-9	-115.455E-9	113.635E-9	3.31318E+0	33.5000E+3	2.40000E+3	-115.000E+0	-23.0498E-9	-115.754E-9	114.064E-9	3.31418E+0	33.7000E+3	2.90000E+3	-115.000E+0	-23.0498E-9
36.1723E-9	-115.430E-9	113.765E-9	3.31376E+0	30.9000E+3	3.50000E+3	-115.000E+0	-22.9496E-9	-115.361E-9	113.813E-9	3.31385E+0	31.2000E+3	3.10000E+3	-115.000E+0	-22.9496E-9
36.2725E-9	-115.307E-9	113.442E-9	3.31417E+0	33.9000E+3	3.50000E+3	-115.000E+0	-22.8494E-9	-115.075E-9	114.490E-9	3.31344E+0	33.0000E+3	2.30000E+3	-115.000E+0	-22.8494E-9
36.3727E-9	-115.679E-9	115.247E-9	3.31426E+0	31.4000E+3	2.70000E+3	-115.000E+0	-22.7492E-9	-114.763E-9	113.217E-9	3.31319E+0	30.5000E+3	3.10000E+3	-115.000E+0	-22.7492E-9
36.4729E-9	-115.344E-9	113.712E-9	3.31454E+0	35.8000E+3	2.40000E+3	-115.000E+0	-22.6490E-9	-114.606E-9	112.512E-9	3.31278E+0	33.7000E+3	3.30000E+3	-115.000E+0	-22.6490E-9
36.5731E-9	-114.665E-9	112.514E-9	3.31442E+0	30.7000E+3	2.20000E+3	-115.000E+0	-22.5488E-9	-114.554E-9	112.437E-9	3.31266E+0	31.9000E+3	3.00000E+3	-115.000E+0	-22.5488E-9
36.6733E-9	-114.533E-9	112.149E-9	3.31430E+0	33.6000E+3	3.20000E+3	-115.000E+0	-22.4486E-9	-114.228E-9	111.714E-9	3.31260E+0	28.5000E+3	2.20000E+3	-115.000E+0	-22.4486E-9
36.7735E-9	-114.235E-9	113.125E-9	3.31400E+0	35.2000E+3	3.40000E+3	-115.000E+0	-22.3484E-9	-113.822E-9	112.167E-9	3.31280E+0	34.0000E+3	2.70000E+3	-115.000E+0	-22.3484E-9
36.8737E-9	-114.121E-9	112.228E-9	3.31379E+0	35.0000E+3	3.50000E+3	-115.000E+0	-22.2482E-9	-113.699E-9	111.418E-9	3.31303E+0	34.4000E+3	3.40000E+3	-115.000E+0	-22.2482E-9
36.9739E-9	-113.708E-9	112.998E-9	3.31369E+0	32.6000E+3	2.50000E+3	-115.000E+0	-22.1480E-9	-113.398E-9	111.613E-9	3.31331E+0	31.3000E+3	2.50000E+3	-115.000E+0	-22.1480E-9
37.0741E-9	-113.702E-9	112.167E-9	3.31327E+0	32.8000E+3	3.60000E+3	-115.000E+0	-22.0478E-9	-113.621E-9	112.315E-9	3.31357E+0	35.5000E+3	2.70000E+3	-115.000E+0	-22.0478E-9
37.1743E-9	-113.632E-9	111.373E-9	3.31305E+0	34.6000E+3	3.60000E+3	-115.000E+0	-21.9476E-9	-112.987E-9	111.923E-9	3.31394E+0	32.5000E+3	1.90000E+3	-115.000E+0	-21.9476E-9
37.2745E-9	-113.494E-9	112.009E-9	3.31293E+0	36.2000E+3	2.60000E+3	-115.000E+0	-21.8474E-9	-112.972E-9	111.626E-9	3.31403E+0	34.9000E+3	3.90000E+3	-115.000E+0	-21.8474E-9
37.3748E-9	-113.398E-9	112.301E-9	3.31285E+0	28.6000E+3	3.80000E+3	-115.000E+0	-21.7472E-9	-113.209E-9	111.103E-9	3.31392E+0	33.1000E+3	2.30000E+3	-115.000E+0	-21.7472E-9
37.4750E-9	-113.058E-9	111.156E-9	3.31305E+0	33.2000E+3	3.50000E+3	-115.000E+0	-21.6470E-9	-112.933E-9	110.549E-9	3.31392E+0	31.8000E+3	3.10000E+3	-115.000E+0	-21.6470E-9
37.5752E-9	-112.907E-9	111.650E-9	3.31339E+0	31.1000E+3	2.50000E+3	-115.000E+0	-21.5468E-9	-112.452E-9	111.414E-9	3.31374E+0	30.1000E+3	3.10000E+3	-115.000E+0	-21.5468E-9
37.6754E-9	-112.525E-9	110.893E-9	3.31363E+0	33.3000E+3	2.80000E+3	-115.000E+0	-21.4466E-9	-112.371E-9	111.029E-9	3.31317E+0	32.7000E+3	2.90000E+3	-115.000E+0	-21.4466E-9
37.7755E-9	-112.313E-9	111.250E-9	3.31386E+0	34.9000E+3	3.00000E+3	-115.000E+0	-21.3464E-9	-111.864E-9	110.566E-9	3.31293E+0	33.2000E+3	2.50000E+3	-115.000E+0	-21.3464E-9
37.8758E-9	-112.239E-9	111.232E-9	3.31419E+0	35.2000E+3	1.60000E+3	-115.000E+0	-21.2462E-9	-112.006E-9	110.153E-9	3.31248E+0	29.9000E+3	2.00000E+3	-115.000E+0	-21.2462E-9
37.9760E-9	-112.132E-9	111.117E-9	3.31422E+0	31.4000E+3	2.40000E+3	-115.000E+0	-21.1460E-9	-111.554E-9	110.516E-9	3.31244E+0	35.0000E+3	2.80000E+3	-115.000E+0	-21.1460E-9
38.0762E-9	-111.799E-9	108.824E-9	3.31445E+0	31.8000E+3	3.80000E+3	-115.000E+0	-21.0458E-9	-111.080E-9	109.147E-9	3.31236E+0	31.8000E+3	3.40000E+3	-115.000E+0	-21.0458E-9
38.1764E-9	-111.466E-9	109.137E-9	3.31442E+0	33.7000E+3	2.10000E+3	-115.000E+0	-20.9456E-9	-110.925E-9	109.579E-9	3.31254E+0	33.7000E+3	2.30000E+3	-115.000E+0	-20.9456E-9
38.2766E-9	-111.417E-9	109.170E-9	3.31416E+0	34.3000E+3	4.00000E+3	-115.000E+0	-20.8454E-9	-110.973E-9	108.361E-9	3.31269E+0	31.9000E+3	2.70000E+3	-115.000E+0	-20.8454E-9
38.3768E-9	-111.007E-9	109.250E-9	3.31377E+0	28.5000E+3	3.30000E+3	-115.000E+0	-20.7452E-9	-111.471E-9	109.594E-9	3.31303E+0	31.5000E+3	3.00000E+3	-115.000E+0	-20.7452E-9
38.4770E-9	-110.460E-9	109.355E-9	3.31369E+0	32.2000E+3	2.50000E+3	-115.000E+0	-20.6450E-9	-111.103E-9	109.337E-9	3.31347E+0	34.3000E+3	3.40000E+3	-115.000E+0	-20.6450E-9
38.5772E-9	-110.201E-9	108.880E-9	3.31340E+0	32.7000E+3	2.80000E+3	-115.000E+0	-20.5448E-9	-110.164E-9	108.745E-9	3.31380E+0	31.6000E+3	3.30000E+3	-115.000E+0	-20.5448E-9
38.6774E-9	-110.364E-9	108.471E-9	3.31358E+0	27.5000E+3	2.50000E+3	-115.000E+0	-20.4446E-9	-109.889E-9	108.295E-9	3.31404E+0	32.5000E+3	3.00000E+3	-115.000E+0	-20.4446E-9
38.7776E-9	-110.151E-9	108.097E-9	3.31351E+0	31.1000E+3	4.10000E+3	-115.000E+0	-20.3444E-9	-109.481E-9	107.998E-9	3.31427E+0	32.5000E+3	2.90000E+3	-115.000E+0	-20.3444E-9
38.8778E-9	-109.924E-9	108.646E-9	3.31372E+0	32.7000E+3	3.40000E+3	-115.000E+0	-20.2442E-9	-109.392E-9	107.598E-9	3.31409E+0	29.6000E+3	3.90000E+3	-115.000E+0	-20.2442E-9
38.9780E-9	-109.796E-9	109.047E-9	3.31414E+0	32.6000E+3	2.90000E+3	-115.000E+0	-20.1440E-9	-109.642E-9	108.368E-9	3.31393E+0	31.2000E+3	3.40000E+3	-115.000E+0	-20.1440E-9
39.0782E-9	-109.686E-9	107.418E-9	3.31434E+0	34.7000E+3	2.90000E+3	-115.000E+0	-20.0438E-9	-109.644E-9	108.549E-9	3.31362E+0	32.4000E+3	1.70000E+3	-115.000E+0	-20.0438E-9
39.1784E-9	-109.265E-9	107.289E-9	3.31435E+0	33.9000E+3	3.10000E+3	-115.000E+0	-19.9436E-9	-109.410E-9	107.392E-9	3.31313E+0	33.6000E+3	1.50000E+3	-115.000E+0	-19.9436E-9
39.2786E-9	-109.501E-9	108.230E-9	3.31471E+0	34.4000E+3	2.10000E+3	-115.000E+0	-19.8434E-9	-109.342E-9	108.120E-9	3.31285E+0	31.6000E+3	2.70000E+3	-115.000E+0	-19.8434E-9
39.3788E-9	-109.390E-9	108.319E-9	3.31502E+0	29.7000E+3	3.10000E+3	-115.000E+0	-19.7432E-9	-109.034E-9	107.180E-9	3.31268E+0	32.1000E+3	3.30000E+3	-115.000E+0	-19.7432E-9
39.4790E-9	-109.373E-9	107.565E-9	3.31494E+0	34.5000E+3	2.40000E+3	-115.000E+0	-19.6430E-9	-108.857E-9	107.611E-9	3.31265E+0	32.2000E+3	2.40000E+3	-115.000E+0	-19.6430E-9
39.5792E-9	-109.284E-9	106.920E-9	3.31489E+0	35.2000E+3	3.70000E+3	-115.000E+0	-19.5428E-9	-108.961E-9	106.056E-9	3.31253E+0	32.8000E+3	2.80000E+3	-115.000E+0	-19.5428E-9
39.6794E-9	-109.518E-9	107.063E-9	3.31451E+0	33.6000E+3	2.50000E+3	-115.000E+0	-19.4426E-9	-108.932E-9	107.360E-9	3.31283E+0	33.4000E+3	3.80000E+3	-115.000E+0	-19.4426E-9
39.7796E-9	-109.272E-9	107.511E-9	3.31416E+0	36.4000E+3	3.20000E+3	-115.000E+0	-19.3424E-9	-108.578E-9	106.737E-9	3.31290E+0	28.9000E+3	3.90000E+3	-115.000E+0	-19.3424E-9
39.8798E-9	-108.927E-9	107.488E-9	3.31397E+0	33.3000E+3	3.80000E+3	-115.000E+0	-19.2422E-9	-108.305E-9	106.836E-9	3.31317E+0	32.0000E+3	3.30000E+3	-115.000E+0	-19.2422E-9
39.9800E-9	-108.458E-9	106.665E-9	3.31365E+0	32.2000E+3	4.40000E+3	-115.000E+0	-19.1420E-9	-108.262E-9	106.940E-9	3.31328E+0	30.0000E+3	3.10000E+3	-115.000E+0	-19.1420E-9
40.0802E-9	-108.298E-9	107.786E-9	3.31351E+0	33.8000E+3	2.90000E+3	-115.000E+0	-19.0418E-9	-107.986E-9	106.756E-9	3.31356E+0	31.9000E+3	2.40000E+3	-115.000E+0	-19.0418E-9
40.1804E-9	-108.217E-9	106.853E-9	3.31315E+0	29.9000E+3	2.60000E+3	-115.000E+0	-18.9416E-9	-107.800E-9	107.302E-9	3.31384E+0	34.5000E+3	2.40000E+3	-115.000E+0	-18.9416E-9
40.2806E-9	-107.755E-9	106.942E-9	3.31334E+0	31.6000E+3	3.00000E+3	-115.000E+0	-18.8414E-9	-107.551E-9	106.202E-9	3.31362E+0	34.7000E+3	2.60000E+3	-115.000E+0	-18.8414E-9
40.3808E-9	-107.480E-9	106.247E-9	3.31363E+0	32.1000E+3	2.80000E+3	-115.000E+0	-18.7412E-9	-107.717E-9	106.681E-9	3.31364E+0	30.7000E+3	2.80000E+3	-115.000E+0	-18.7412E-9
40.4810E-9	-107.167E-9	106.511E-9	3.31385E+0	29.9000E+3	2.90000E+3	-115.000E+0	-18.6410E-9	-107.773E-9	107.020E-9	3.31319E+0	30.8000E+3	2.10000E+3	-115.000E+0	-18.6410E-9
40.5812E-9	-107.167E-9	106.263E-9	3.31422E+0	30.3000E+3	1.90000E+3	-115.000E+0	-18.5408E-9	-107.683E-9	107.040E-9	3.31287E+0	29.8000E+3	3.50000E+3	-115.000E+0	-18.5408E-9
40.6814E-9	-107.156E-9	105.167E-9	3.31456E+0	33.8000E+3	2.90000E+3	-115.000E+0	-18.4406E-9	-107.645E-9	106.543E-9	3.31272E+0	31.6000E+3	2.70000E+3	-115.000E+0	-18.4406E-9
40.7816E-9	-107.057E-9	105.502E-9	3.31455E+0	31.5000E+3	2.90000E+3	-115.000E+0	-18.3404E-9	-107.044E-9	105.887E-9	3.31243E+0	33.0000E+3	2.80000E+3	-115.000E+0	-18.3404E-9
40.8818E-9	-106.570E-9	104.822E-9	3.31483E+0	32.6000E+3	3.50000E+3	-115.000E+0	-18.2402E-9	-107.084E-9	105.929E-9	3.31196E+0	29.9000E+3	3.70000E+3	-115.000E+0	-18.2402E-9
40.9820E-9	-106.456E-9	104.966E-9	3.31484E+0	33.0000E+3	3.50000E+3	-115.000E+0	-18.1400E-9	-107.032E-9	104.213E-9	3.31216E+0	28.0000E+3	3.50000E+3	-115.000E+0	-18.1400E-9
41.0822E-9	-106.118E-9	104.104E-9	3.31441E+0	30.1000E+3	4.70000E+3	-115.000E+0	-18.0398E-9	-106.282E-9	104.860E-9	3.31231E+0	30.3000E+3	3.50000E+3	-115.000E+0	-18.0398E-9
41.1824E-9	-105.948E-9	104.697E-9	3.31424E+0	32.4000E+3	3.70000E+3	-115.000E+0	-17.9396E-9	-107.068E-9	104.811E-9	3.31227E+0	31.1000E+3	3.30000E+3	-115.000E+0	-17.9396E-9
41.2826E-9	-105.754E-9	103.946E-9	3.31402E+0	31.5000E+3	2.50000E+3	-115.000E+0	-17.8394E-9	-107.059E-9	106.512E-9	3.31296E+0	32.4000E+3	4.20000E+3	-115.000E+0	-17.8394E-9
41.3828E-9	-105.659E-9	104.521E-9	3.31353E+0	35.9000E+3	3.40000E+3	-115.000E+0	-17.7392E-9	-107.093E-9	105.006E-9	3.31328E+0	30.3000E+3	3.10000E+3	-115.000E+0	-17.7392E-9
41.4830E-9	-105.222E-9	103.605E-9	3.31315E+0	30.3000E+3	2.40000E+3	-115.000E+0	-17.6390E-9	-106.757E-9	104.980E-9	3.31363E+0	29.5000E+3	3.10000E+3	-115.000E+0	-17.6390E-9
41.5832E-9	-105.172E-9	103.986E-9	3.31309E+0	29.6000E+3	2.60000E+3	-115.000E+0	-17.5388E-9	-106.682E-9	104.385E-9	3.31389E+0	32.6000E+3	2.20000E+3	-115.000E+0	-17.5388E-9
41.6834E-9	-104.584E-9	103.232E-9	3.31295E+0	31.7000E+3	3.00000E+3	-115.000E+0	-17.4386E-9	-106.512E-9	105.796E-9	3.31392E+0	34.2000E+3	2.90000E+3	-115.000E+0	-17.4386E-9
41.7836E-9	-104.626E-9	101.938E-9	3.31321E+0	28.3000E+3	2.70000E+3	-115.000E+0	-17.3384E-9	-106.402E-9	104.382E-9	3.31402E+0	30.3000E+3	2.30000E+3	-115.000E+0	-17.3384E-9
41.8838E-9	-104.456E-9	102.974E-9	3.31345E+0	34.1000E+3	3.00000E+3	-115.000E+0	-17.2382E-9	-106.342E-9	104.286E-9	3.31405E+0	28.7000E+3	1.90000E+3	-115.000E+0	-17.2382E-9
41.9840E-9	-104.388E-9	103.334E-9	3.31369E+0	30.6000E+3	1.90000E+3	-115.000E+0	-17.1380E-9	-106.017E-9	104.385E-9	3.31363E+0	29.2000E+3	3.70000E+3	-115.000E+0	-17.1380E-9
42.0842E-9	-104.361E-9	102.600E-9	3.31379E+0	29.9000E+3	3.70000E+3	-115.000E+0	-17.0378E-9	-106.134E-9	105.445E-9	3.31334E+0	32.1000E+3	3.20000E+3	-115.000E+0	-17.0378E-9
42.1844E-9	-103.998E-9	102.748E-9	3.31439E+0	28.6000E+3	2.70000E+3	-115.000E+0	-16.9376E-9	-105.581E-9	104.801E-9	3.31309E+0	31.4000E+3	2.60000E+3	-115.000E+0	-16.9376E-9
42.2846E-9	-104.133E-9	102.473E-9	3.31435E+0	30.6000E+3	3.10000E+3	-115.000E+0	-16.8374E-9	-105.407E-9	104.369E-9	3.31264E+0	28.4000E+3	3.40000E+3	-115.000E+0	-16.8374E-9
42.3848E-9	-104.025E-9	102.777E-9	3.31466E+0	27.2000E+3	2.10000E+3	-115.000E+0	-16.7372E-9	-105.187E-9	103.307E-9	3.31251E+0	30.7000E+3	3.40000E+3	-115.000E+0	-16.7372E-9
42.4850E-9	-103.972E-9	102.638E-9	3.31463E+0	34.1000E+3	2.10000E+3	-115.000E+0	-16.6370E-9	-105.313E-9	102.467E-9	3.31294E+0	31.4000E+3	3.50000E+3	-115.000E+0	-16.6370E-9
42.5852E-9	-103.648E-9	102.228E-9	3.31423E+0	28.8000E+3	3.10000E+3	-115.000E+0	-16.5368E-9	-105.075E-9	104.365E-9	3.31289E+0	30.0000E+3	2.40000E+3	-115.000E+0	-16.5368E-9
42.6854E-9	-103.356E-9	102.313E-9	3.31419E+0	30.6000E+3	3.00000E+3	-115.000E+0	-16.4366E-9	-104.340E-9	102.515E-9	3.31314E+0	30.0000E+3	3.10000E+3	-115.000E+0	-16.4366E-9
42.7856E-9	-103.406E-9	102.342E-9	3.31372E+0	30.4000E+3	2.80000E+3	-115.000E+0	-16.3364E-9	-104.702E-9	103.189E-9	3.31341E+0	31.6000E+3	2.30000E+3	-115.000E+0	-16.3364E-9
42.8858E-9	-103.314E-9	101.981E-9	3.31369E+0	29.2000E+3	3.50000E+3	-115.000E+0	-16.2362E-9	-104.071E-9	101.992E-9	3.31375E+0	33.3000E+3	3.30000E+3	-115.000E+0	-16.2362E-9
42.9860E-9	-102.896E-9	101.918E-9	3.31348E+0	31.2000E+3	3.20000E+3	-115.000E+0	-16.1360E-9	-104.144E-9	102.830E-9	3.31400E+0	32.3000E+3	3.20000E+3	-115.000E+0	-16.1360E-9
43.0862E-9	-102.512E-9	100.383E-9	3.31321E+0	31.0000E+3	1.90000E+3	-115.000E+0	-16.0358E-9	-103.940E-9	103.186E-9	3.31417E+0	29.9000E+3	3.20000E+3	-115.000E+0	-16.0358E-9
43.1864E-9	-102.379E-9	101.020E-9	3.31340E+0	30.8000E+3	3.60000E+3	-115.000E+0	-15.9356E-9	-103.654E-9	102.352E-9	3.31423E+0	29.7000E+3	3.00000E+3	-115.000E+0	-15.9356E-9
43.2866E-9	-102.277E-9	101.369E-9	3.31345E+0	26.4000E+3	1.90000E+3	-115.000E+0	-15.8354E-9	-103.858E-9	102.596E-9	3.31424E+0	31.2000E+3	3.10000E+3	-115.000E+0	-15.8354E-9
43.3868E-9	-102.145E-9	100.777E-9	3.31379E+0	32.1000E+3	2.80000E+3	-115.000E+0	-15.7352E-9	-103.416E-9	102.466E-9	3.31393E+0	31.3000E+3	3.30000E+3	-115.000E+0	-15.7352E-9
43.4870E-9	-101.536E-9	100.644E-9	3.31410E+0	26.4000E+3	2.30000E+3	-115.000E+0	-15.6350E-9	-103.136E-9	101.970E-9	3.31357E+0	33.9000E+3	3.50000E+3	-115.000E+0	-15.6350E-9
43.5872E-9	-100.845E-9	100.472E-9	3.31441E+0	30.6000E+3	2.40000E+3	-115.000E+0	-15.5348E-9	-102.807E-9	101.772E-9	3.31311E+0	31.4000E+3	2.80000E+3	-115.000E+0	-15.5348E-9
43.6874E-9	-101.124E-9	100.172E-9	3.31460E+0	27.5000E+3	3.00000E+3	-115.000E+0	-15.4346E-9	-102.964E-9	100.986E-9	3.31258E+0	28.2000E+3	2.40000E+3	-115.000E+0	-15.4346E-9
43.7876E-9	-100.779E-9	99.2965E-9	3.31484E+0	27.8000E+3	3.10000E+3	-115.000E+0	-15.3344E-9	-102.847E-9	101.746E-9	3.31252E+0	29.0000E+3	2.00000E+3	-115.000E+0	-15.3344E-9
43.8878E-9	-100.579E-9	98.1076E-9	3.31477E+0	32.1000E+3	3.80000E+3	-115.000E+0	-15.2342E-9	-102.963E-9	102.270E-9	3.31210E+0	33.2000E+3	2.00000E+3	-115.000E+0	-15.2342E-9
43.9880E-9	-100.262E-9	99.3572E-9	3.31424E+0	29.9000E+3	2.60000E+3	-115.000E+0	-15.1340E-9	-102.810E-9	100.428E-9	3.31231E+0	32.2000E+3	1.90000E+3	-115.000E+0	-15.1340E-9
44.0882E-9	-100.243E-9	98.9714E-9	3.31432E+0	28.6000E+3	2.30000E+3	-115.000E+0	-15.0338E-9	-102.218E-9	98.7802E-9	3.31253E+0	32.2000E+3	4.20000E+3	-115.000E+0	-15.0338E-9
44.1884E-9	-100.151E-9	98.8727E-9	3.31404E+0	31.0000E+3	2.80000E+3	-115.000E+0	-14.9336E-9	-101.967E-9	100.275E-9	3.31268E+0	31.6000E+3	3.80000E+3	-115.000E+0	-14.9336E-9
44.2886E-9	-99.8245E-9	98.7918E-9	3.31370E+0	27.0000E+3	2.20000E+3	-115.000E+0	-14.8334E-9	-101.771E-9	100.232E-9	3.31279E+0	29.2000E+3	3.30000E+3	-115.000E+0	-14.8334E-9
44.3888E-9	-99.8456E-9	98.2094E-9	3.31363E+0	30.4000E+3	2.80000E+3	-115.000E+0	-14.7332E-9	-101.282E-9	99.4789E-9	3.31338E+0	32.2000E+3	3.00000E+3	-115.000E+0	-14.7332E-9
44.4890E-9	-99.6223E-9	98.4706E-9	3.31338E+0	29.7000E+3	2.60000E+3	-115.000E+0	-14.6330E-9	-100.780E-9	99.6469E-9	3.31344E+0	29.3000E+3	3.80000E+3	-115.000E+0	-14.6330E-9
44.5892E-9	-99.4194E-9	97.4196E-9	3.31313E+0	28.9000E+3	3.20000E+3	-115.000E+0	-14.5328E-9	-100.775E-9	99.9215E-9	3.31354E+0	33.8000E+3	3.00000E+3	-115.000E+0	-14.5328E-9
44.6894E-9	-99.4846E-9	98.3135E-9	3.31355E+0	31.9000E+3	3.00000E+3	-115.000E+0	-14.4326E-9	-100.888E-9	99.2085E-9	3.31361E+0	28.5000E+3	2.10000E+3	-115.000E+0	-14.4326E-9
44.7896E-9	-99.5630E-9	97.7839E-9	3.31367E+0	30.5000E+3	4.20000E+3	-115.000E+0	-14.3324E-9	-101.116E-9	100.103E-9	3.31349E+0	27.9000E+3	2.50000E+3	-115.000E+0	-14.3324E-9
44.8898E-9	-99.1404E-9	98.2040E-9	3.31408E+0	29.8000E+3	2.60000E+3	-115.000E+0	-14.2322E-9	-100.977E-9	100.357E-9	3.31313E+0	32.2000E+3	2.50000E+3	-115.000E+0	-14.2322E-9
44.9900E-9	-99.1455E-9	98.0712E-9	3.31460E+0	27.7000E+3	2.40000E+3	-115.000E+0	-14.1320E-9	-100.466E-9	99.2594E-9	3.31310E+0	33.1000E+3	2.90000E+3	-115.000E+0	-14.1320E-9
45.0902E-9	-99.2765E-9	98.0704E-9	3.31471E+0	30.0000E+3	2.90000E+3	-115.000E+0	-14.0318E-9	-100.642E-9	99.3211E-9	3.31273E+0	33.7000E+3	3.20000E+3	-115.000E+0	-14.0318E-9
45.1904E-9	-99.0992E-9	98.1680E-9	3.31515E+0	30.0000E+3	2.80000E+3	-115.000E+0	-13.9316E-9	-100.454E-9	98.5445E-9	3.31259E+0	30.5000E+3	2.20000E+3	-115.000E+0	-13.9316E-9
45.2906E-9	-98.9816E-9	98.0580E-9	3.31511E+0	28.7000E+3	2.80000E+3	-115.000E+0	-13.8314E-9	-99.8765E-9	99.4489E-9	3.31243E+0	27.5000E+3	2.10000E+3	-115.000E+0	-13.8314E-9
45.3908E-9	-98.8071E-9	97.0347E-9	3.31503E+0	29.6000E+3	3.80000E+3	-115.000E+0	-13.7312E-9	-99.5590E-9	97.1703E-9	3.31253E+0	29.4000E+3	3.30000E+3	-115.000E+0	-13.7312E-9
45.4910E-9	-99.0021E-9	96.5929E-9	3.31485E+0	30.9000E+3	2.60000E+3	-115.000E+0	-13.6310E-9	-99.5439E-9	98.3094E-9	3.31257E+0	31.2000E+3	2.50000E+3	-115.000E+0	-13.6310E-9
45.5912E-9	-98.6986E-9	97.2612E-9	3.31440E+0	27.9000E+3	2.40000E+3	-115.000E+0	-13.5308E-9	-99.8609E-9	98.3760E-9	3.31289E+0	29.5000E+3	3.90000E+3	-115.000E+0	-13.5308E-9
45.6914E-9	-98.4066E-9	97.4429E-9	3.31424E+0	26.3000E+3	2.90000E+3	-115.000E+0	-13.4306E-9	-99.1599E-9	98.0125E-9	3.31318E+0	30.1000E+3	2.40000E+3	-115.000E+0	-13.4306E-9
45.7916E-9	-98.2989E-9	96.9580E-9	3.31373E+0	28.2000E+3	2.20000E+3	-115.000E+0	-13.3304E-9	-99.1368E-9	97.2944E-9	3.31341E+0	29.9000E+3	4.00000E+3	-115.000E+0	-13.3304E-9
45.8918E-9	-98.4056E-9	96.6503E-9	3.31366E+0	28.2000E+3	2.80000E+3	-115.000E+0	-13.2302E-9	-98.7004E-9	96.1743E-9	3.31385E+0	30.7000E+3	3.00000E+3	-115.000E+0	-13.2302E-9
45.9920E-9	-98.2308E-9	95.8587E-9	3.31346E+0	29.9000E+3	3.90000E+3	-115.000E+0	-13.1300E-9	-98.5053E-9	97.4578E-9	3.31389E+0	30.2000E+3	2.60000E+3	-115.000E+0	-13.1300E-9
46.0922E-9	-97.8983E-9	97.1950E-9	3.31341E+0	30.7000E+3	3.30000E+3	-115.000E+0	-13.0298E-9	-98.3226E-9	96.6525E-9	3.31364E+0	30.4000E+3	1.80000E+3	-115.000E+0	-13.0298E-9
46.1924E-9	-97.5623E-9	95.7860E-9	3.31354E+0	27.4000E+3	3.30000E+3	-115.000E+0	-12.9296E-9	-97.8949E-9	96.4184E-9	3.31373E+0	29.9000E+3	1.80000E+3	-115.000E+0	-12.9296E-9
46.2926E-9	-97.1813E-9	96.6328E-9	3.31388E+0	33.2000E+3	2.50000E+3	-115.000E+0	-12.8294E-9	-97.6533E-9	96.3459E-9	3.31351E+0	29.8000E+3	2.40000E+3	-115.000E+0	-12.8294E-9
46.3928E-9	-97.4317E-9	96.8124E-9	3.31405E+0	25.8000E+3	2.90000E+3	-115.000E+0	-12.7292E-9	-97.6595E-9	97.0503E-9	3.31300E+0	29.7000E+3	3.00000E+3	-115.000E+0	-12.7292E-9
46.4930E-9	-97.1555E-9	95.7612E-9	3.31443E+0	28.0000E+3	3.70000E+3	-115.000E+0	-12.6290E-9	-97.6858E-9	96.2318E-9	3.31271E+0	28.7000E+3	2.00000E+3	-115.000E+0	-12.6290E-9
46.5932E-9	-97.0379E-9	96.3776E-9	3.31478E+0	28.3000E+3	2.70000E+3	-115.000E+0	-12.5288E-9	-97.5570E-9	96.8613E-9	3.31217E+0	28.4000E+3	2.10000E+3	-115.000E+0	-12.5288E-9
46.6934E-9	-96.6351E-9	95.7595E-9	3.31480E+0	31.4000E+3	3.10000E+3	-115.000E+0	-12.4286E-9	-97.3292E-9	97.0599E-9	3.31193E+0	28.8000E+3	2.70000E+3	-115.000E+0	-12.4286E-9
46.7936E-9	-96.6904E-9	95.3412E-9	3.31484E+0	28.1000E+3	2.50000E+3	-115.000E+0	-12.3284E-9	-97.3634E-9	94.8275E-9	3.31194E+0	29.8000E+3	3.20000E+3	-115.000E+0	-12.3284E-9
46.8938E-9	-96.9431E-9	95.8249E-9	3.31471E+0	29.7000E+3	2.80000E+3	-115.000E+0	-12.2282E-9	-97.5847E-9	95.5358E-9	3.31207E+0	26.8000E+3	2.70000E+3	-115.000E+0	-12.2282E-9
46.9940E-9	-96.8524E-9	96.1670E-9	3.31441E+0	27.7000E+3	2.80000E+3	-115.000E+0	-12.1280E-9	-97.7997E-9	96.0122E-9	3.31206E+0	28.8000E+3	2.10000E+3	-115.000E+0	-12.1280E-9
47.0942E-9	-96.7263E-9	95.4255E-9	3.31397E+0	30.1000E+3	2.50000E+3	-115.000E+0	-12.0278E-9	-97.2303E-9	96.2666E-9	3.31243E+0	29.2000E+3	3.10000E+3	-115.000E+0	-12.0278E-9
47.1944E-9	-96.6906E-9	96.1695E-9	3.31399E+0	27.2000E+3	2.70000E+3	-115.000E+0	-11.9276E-9	-96.8530E-9	94.9738E-9	3.31275E+0	29.6000E+3	3.60000E+3	-115.000E+0	-11.9276E-9
47.2946E-9	-96.8061E-9	95.9114E-9	3.31361E+0	29.4000E+3	2.90000E+3	-115.000E+0	-11.8274E-9	-96.8041E-9	95.4307E-9	3.31319E+0	27.9000E+3	4.00000E+3	-115.000E+0	-11.8274E-9
47.3948E-9	-96.1612E-9	94.0862E-9	3.31342E+0	30.2000E+3	2.40000E+3	-115.000E+0	-11.7272E-9	-96.5292E-9	94.9474E-9	3.31351E+0	26.7000E+3	2.10000E+3	-115.000E+0	-11.7272E-9
47.4950E-9	-95.9092E-9	94.3583E-9	3.31353E+0	26.5000E+3	2.10000E+3	-115.000E+0	-11.6270E-9	-95.8801E-9	95.0547E-9	3.31376E+0	27.2000E+3	1.70000E+3	-115.000E+0	-11.6270E-9
47.5952E-9	-95.4553E-9	94.3004E-9	3.31342E+0	28.7000E+3	2.50000E+3	-115.000E+0	-11.5268E-9	-95.5301E-9	93.2670E-9	3.31359E+0	25.7000E+3	3.00000E+3	-115.000E+0	-11.5268E-9
47.6954E-9	-95.5752E-9	94.8385E-9	3.31374E+0	29.6000E+3	3.00000E+3	-115.000E+0	-11.4266E-9	-95.8254E-9	94.5626E-9	3.31336E+0	28.9000E+3	2.30000E+3	-115.000E+0	-11.4266E-9
47.7956E-9	-95.3672E-9	94.6869E-9	3.31404E+0	29.3000E+3	3.10000E+3	-115.000E+0	-11.3264E-9	-95.7677E-9	94.5190E-9	3.31326E+0	27.6000E+3	3.30000E+3	-115.000E+0	-11.3264E-9
47.8958E-9	-94.7955E-9	93.9336E-9	3.31416E+0	30.2000E+3	2.10000E+3	-115.000E+0	-11.2262E-9	-95.3677E-9	94.2603E-9	3.31270E+0	30.8000E+3	2.70000E+3	-115.000E+0	-11.2262E-9
47.9960E-9	-94.8233E-9	93.5814E-9	3.31451E+0	27.1000E+3	2.60000E+3	-115.000E+0	-11.1260E-9	-95.6030E-9	94.5925E-9	3.31236E+0	31.5000E+3	3.00000E+3	-115.000E+0	-11.1260E-9
48.0962E-9	-94.8317E-9	94.8336E-9	3.31474E+0	29.1000E+3	1.80000E+3	-115.000E+0	-11.0258E-9	-95.8915E-9	94.7045E-9	3.31236E+0	28.7000E+3	2.20000E+3	-115.000E+0	-11.0258E-9
48.1964E-9	-94.8708E-9	93.7829E-9	3.31476E+0	28.6000E+3	2.70000E+3	-115.000E+0	-10.9256E-9	-95.6016E-9	94.5859E-9	3.31197E+0	30.6000E+3	2.00000E+3	-115.000E+0	-10.9256E-9
48.2966E-9	-94.8412E-9	94.0617E-9	3.31485E+0	29.5000E+3	4.10000E+3	-115.000E+0	-10.8254E-9	-95.6102E-9	93.6452E-9	3.31178E+0	31.0000E+3	3.60000E+3	-115.000E+0	-10.8254E-9
48.3968E-9	-94.2371E-9	92.8399E-9	3.31469E+0	27.0000E+3	3.10000E+3	-115.000E+0	-10.7252E-9	-95.4242E-9	94.4283E-9	3.31222E+0	31.9000E+3	3.30000E+3	-115.000E+0	-10.7252E-9
48.4970E-9	-94.0419E-9	93.0918E-9	3.31427E+0	29.9000E+3	2.30000E+3	-115.000E+0	-10.6250E-9	-95.0274E-9	93.3659E-9	3.31217E+0	27.9000E+3	2.10000E+3	-115.000E+0	-10.6250E-9
48.5972E-9	-93.8474E-9	92.7645E-9	3.31397E+0	26.7000E+3	3.00000E+3	-115.000E+0	-10.5248E-9	-94.9214E-9	93.2619E-9	3.31250E+0	28.9000E+3	4.00000E+3	-115.000E+0	-10.5248E-9
48.6974E-9	-94.1932E-9	92.8318E-9	3.31362E+0	28.6000E+3	2.20000E+3	-115.000E+0	-10.4246E-9	-94.9832E-9	93.5679E-9	3.31294E+0	30.3000E+3	2.60000E+3	-115.000E+0	-10.4246E-9
48.7976E-9	-93.9715E-9	93.7711E-9	3.31353E+0	29.3000E+3	2.80000E+3	-115.000E+0	-10.3244E-9	-95.3903E-9	93.8227E-9	3.31314E+0	29.4000E+3	3.30000E+3	-115.000E+0	-10.3244E-9
48.8978E-9	-93.9349E-9	91.8315E-9	3.31355E+0	27.2000E+3	2.40000E+3	-115.000E+0	-10.2242E-9	-94.9121E-9	94.0780E-9	3.31330E+0	29.3000E+3	2.60000E+3	-115.000E+0	-10.2242E-9
48.9980E-9	-94.0109E-9	92.4928E-9	3.31352E+0	30.7000E+3	2.40000E+3	-115.000E+0	-10.1240E-9	-94.6442E-9	93.1454E-9	3.31347E+0	30.3000E+3	3.80000E+3	-115.000E+0	-10.1240E-9
49.0982E-9	-94.0125E-9	92.5985E-9	3.31356E+0	26.2000E+3	3.00000E+3	-115.000E+0	-10.0238E-9	-95.1457E-9	94.2430E-9	3.31317E+0	30.8000E+3	1.60000E+3	-115.000E+0	-10.0238E-9
49.1984E-9	-93.9713E-9	93.5447E-9	3.31381E+0	26.9000E+3	2.00000E+3	-115.000E+0	-9.92359E-9	-94.5439E-9	93.4916E-9	3.31302E+0	28.0000E+3	1.80000E+3	-115.000E+0	-9.92359E-9
49.2986E-9	-94.0507E-9	93.4483E-9	3.31408E+0	28.4000E+3	2.00000E+3	-115.000E+0	-9.82339E-9	-94.2577E-9	93.4096E-9	3.31272E+0	29.4000E+3	2.50000E+3	-115.000E+0	-9.82339E-9
49.3988E-9	-93.7940E-9	92.9489E-9	3.31437E+0	29.9000E+3	2.70000E+3	-115.000E+0	-9.72319E-9	-94.5260E-9	93.2421E-9	3.31246E+0	29.8000E+3	2.70000E+3	-115.000E+0	-9.72319E-9
49.4990E-9	-93.7460E-9	92.6864E-9	3.31463E+0	29.3000E+3	2.00000E+3	-115.000E+0	-9.62299E-9	-94.1172E-9	91.9127E-9	3.31175E+0	28.6000E+3	1.70000E+3	-115.000E+0	-9.62299E-9
49.5992E-9	-93.4698E-9	92.3577E-9	3.31462E+0	31.4000E+3	3.00000E+3	-115.000E+0	-9.52278E-9	-93.7780E-9	93.5845E-9	3.31166E+0	27.4000E+3	3.70000E+3	-115.000E+0	-9.52278E-9
49.6994E-9	-93.2777E-9	91.8815E-9	3.31486E+0	30.7000E+3	2.60000E+3	-115.000E+0	-9.42258E-9	-93.7373E-9	92.4569E-9	3.31172E+0	27.3000E+3	2.50000E+3	-115.000E+0	-9.42258E-9
49.7996E-9	-93.1581E-9	91.7407E-9	3.31450E+0	29.4000E+3	2.90000E+3	-115.000E+0	-9.32238E-9	-93.9678E-9	91.9993E-9	3.31168E+0	30.6000E+3	2.10000E+3	-115.000E+0	-9.32238E-9
49.8998E-9	-92.8733E-9	91.1987E-9	3.31441E+0	24.7000E+3	2.30000E+3	-115.000E+0	-9.22218E-9	-93.5012E-9	91.8136E-9	3.31186E+0	28.3000E+3	3.00000E+3	-115.000E+0	-9.22218E-9
50.0000E-9	-92.7159E-9	91.6025E-9	3.31408E+0	29.8000E+3	2.40000E+3	-115.000E+0	-9.12198E-9	-93.0967E-9	92.0868E-9	3.31213E+0	26.8571E+3	2.97143E+3	-115.000E+0	-9.12198E-9
